1025794 1
1340192 1
0056978 1
0698580 1
0450014 1
1042824 1
0894380 1
1427680 1
0817494 1
0716386 1
0951982 1
0731614 1
0582363 1
1082409 1
2031775 1
0950991 1
0869722 1
0979376 1
1002439 1
0864665 1
1207591 1
0582372 1
0729223 1
1319365 1
0548719 1
0577855 1
1423583 1
1187431 1
0610657 1
0869742 1
0687610 1
1042021 1
0482761 1
0064933 1
1019011 1
0732456 1
0218039 1
2223757 1
0983618 1
1327285 1
0065840 1
0980196 1
0995286 1
1514487 1
0213505 1
1459191 1
1063986 1
0056337 1
0409532 1
0771164 1
0632010 1
0901504 1
0063052 1
0143080 1
1089989 1
0907359 1
0875281 1
1197395 1
1149060 1
1059846 1
0786258 1
1512865 1
0523223 1
1115308 1
1739565 1
0994986 1
0193983 1
0822348 1
1152739 1
0907429 1
0209554 1
1187709 1
0847273 1
0923506 1
0059101 1
1548405 1
0438655 1
0921022 1
1094669 1
0198443 1
0851647 1
0247942 1
0564495 1
0826475 1
0065422 1
1189268 1
0054367 1
1918572 1
0337947 1
1143132 1
0789826 1
1942698 1
0458661 1
0447807 1
0074464 1
1296896 1
0056331 1
0592977 1
0610653 1
0523229 1
1899111 1
0069776 1
0569402 1
1538841 1
0830001 1
1323729 1
0799595 1
1110775 1
1393334 1
0728390 1
0907408 1
1396876 1
0492497 1
0097935 1
1691783 1
0278443 1
0090868 1
1927313 1
0178292 1
0114409 1
0986161 1
1295999 1
1879894 1
1564774 1
0097577 1
0074247 1
2115318 1
0687267 1
0748299 1
1251289 1
1560581 1
0848057 1
0066279 1
2080684 1
1102458 1
1906287 1
0438658 1
1368847 1
1871885 1
2236962 1
1846193 1
1702255 1
0420818 1
2186493 1
0127627 1
0699596 1
2117477 1
2031382 1
1532634 1
2244446 1
0242845 1
2026894 1
1059090 1
1398863 1
0302648 1
0987619 1
0988944 1
0853774 1
1758545 1
0122393 1
2066262 1
0829999 1
0939568 1
0328123 1
1933719 1
0740907 1
0933127 1
1758606 1
1264479 1
1093636 1
0457865 1
0723229 1
0706205 1
2103080 1
1459173 1
0657761 1
1818731 1
1627446 1
0807405 1
0074245 1
0097119 1
1543563 1
1147739 1
1337392 1
0225225 1
1053446 1
0130599 1
1687908 1
0604668 1
0114439 1
1543529 1
1258418 1
0618967 1
0977330 1
1384649 1
0912693 1
1362802 1
0942001 1
0143341 1
0894220 1
0944253 1
0817558 1
0928043 1
1650651 1
1823113 1
1401747 1
1726606 1
1615563 1
0731199 1
0784350 1
1283644 1
0467430 1
0745448 1
0702868 1
0842381 1
2188618 1
1973457 1
1861153 1
2091304 1
0961750 1
0904850 1
0361351 1
1117081 1
2080548 1
0905907 1
1885885 1
1259152 1
0442918 1
2101958 1
1730978 1
1773981 1
1718899 1
0721593 1
1759296 1
1060500 1
2219111 1
1222170 1
0400397 1
0694487 1
1503761 1
1774585 1
0357855 1
0956171 1
1611252 1
1084518 1
0984409 1
0701140 1
1498556 1
2188154 1
0183579 1
0067671 1
0067036 1
2211307 1
1121142 1
1368334 1
2184061 1
0337266 1
1846150 1
0382052 1
1763666 1
2030599 1
0798632 1
1244288 1
0497534 1
1446341 1
2236966 1
0957983 1
0257025 1
0788947 1
1852201 1
0713745 1
0422707 1
0443893 1
0706175 1
0988468 1
2099419 1
0781150 1
1913792 1
1043795 1
0977350 1
1561334 1
1390305 1
1692197 1
1237622 1
1385341 1
2122829 1
1470793 1
1136124 1
0081597 1
1712591 1
1885830 1
1320110 1
2137130 1
1806234 1
0900469 1
2002333 1
2239287 1
0710454 1
0694546 1
1375368 1
1818747 1
1016538 1
2071807 1
2047628 1
1910716 1
0722225 1
0292868 1
1874495 1
1313348 1
1476615 1
1052314 1
1921783 1
1353293 1
1001620 1
1639843 1
1361120 1
0641165 1
0200422 1
1189521 1
0383399 1
1774010 1
0840357 1
1471544 1
1246918 1
1948449 1
0443884 1
0723572 1
1582314 1
0522872 1
0476825 1
1133077 1
0223783 1
1842042 1
1326767 1
0804670 1
1008872 1
0139685 1
0869644 1
1068733 1
0092334 1
0677583 1
1009031 1
0688093 1
1831093 1
1707740 1
1013082 1
0606502 1
0730970 1
0962875 1
2161794 1
1251094 1
1707955 1
1985184 1
1145144 1
0843964 1
1842078 1
0147038 1
0535113 1
0809727 1
1283510 1
1099245 1
1062969 1
0852827 1
1028187 1
1281453 1
0993061 1
0926105 1
0448006 1
0765599 1
0487370 1
1486682 1
0928792 1
0894316 1
0744732 1
0783526 1
0821422 1
0829998 1
0151661 1
1340228 1
1037501 1
0885966 1
0447749 1
0448050 1
1245215 1
1200648 1
0257378 1
0179070 1
0065979 1
1245887 1
0476345 1
0786259 1
0487356 1
0365342 1
0198433 1
0182189 1
0684605 1
1059813 1
1230223 1
0482818 1
0368505 1
0522830 1
1099216 1
0963590 1
1365495 1
1879895 1
0098489 1
1097975 1
0454746 1
2147232 1
1259556 1
0487374 1
2221713 1
1202048 1
1325476 1
0090864 1
0894208 1
0367768 1
0766954 1
0876439 1
0983542 1
1356102 1
1284239 1
0336925 1
0939497 1
0785021 1
0065292 1
1389219 1
0859029 1
1387195 1
1398832 1
1226606 1
1828267 1
0744234 1
0950401 1
1566619 1
2244841 1
1256464 1
0425365 1
0492477 1
2221710 1
0056299 1
1600251 1
1098953 1
0983934 1
2222716 1
1358854 1
1143409 1
1700644 1
1018463 1
2047538 1
0442373 1
1146172 1
1514578 1
1469691 1
1997878 1
0766314 1
0650456 1
0367973 1
2079513 1
1088007 1
1376174 1
2091929 1
1309306 1
1928510 1
2197330 1
1541386 1
1539525 1
2224813 1
2147921 1
0273150 1
1560579 1
1566616 1
0275117 1
0685368 1
0523013 1
0814906 1
2067977 1
1031497 1
1713246 1
1945514 1
0802262 1
2170854 1
0923571 1
0838565 1
0701760 1
0765781 1
0225217 1
0255363 1
0056297 1
1107747 1
0902418 1
1356930 1
1155017 1
2013757 1
0694466 1
1527502 1
0184351 1
0218812 1
0458643 1
0863830 1
0715299 1
0496749 1
0478342 1
1767104 1
1534214 1
1650624 1
1146631 1
1910711 1
0138993 1
0447753 1
1647406 1
1004797 1
0328231 1
1256349 1
1810927 1
1944650 1
1297523 1
1316606 1
0977347 1
0313720 1
0482793 1
0442375 1
0469140 1
1150188 1
0662343 1
0428735 1
1771968 1
1564943 1
1156768 1
1486383 1
1298912 1
1629329 1
0361100 1
0507837 1
1605155 1
1902309 1
1703213 1
1714716 1
0756688 1
0866844 1
2248958 1
0184346 1
2200399 1
0197363 1
1342822 1
2004902 1
2171010 1
1383295 1
1390310 1
0188143 1
0494862 1
0738257 1
1307327 1
0179066 1
1862132 1
2227599 1
1182368 1
0958129 1
2197329 1
1631498 1
2213535 1
2183378 1
2132127 1
0117996 1
1413233 1
1031454 1
1382524 1
1380490 1
0704276 1
0478909 1
0171401 1
2239584 1
0679350 1
1420545 1
2029863 1
0967855 1
1327286 1
0788471 1
2217849 1
0487364 1
0573943 1
1553071 1
0716370 1
1601329 1
0061139 1
0362089 1
1143413 1
0907431 1
1778114 1
2010056 1
1018873 1
0067034 1
0498141 1
0481979 1
1933933 1
1682647 1
0233755 1
1901133 1
0068813 1
1910860 1
0182729 1
1708101 1
1294490 1
0127058 1
0552041 1
1165767 1
1810723 1
2026597 1
2205728 1
1368863 1
0837880 1
1741519 1
1336856 1
1182360 1
1031445 1
2004856 1
1980188 1
0835837 1
1476102 1
2215846 1
1006793 1
0931734 1
0768173 1
0476351 1
0151672 1
2083668 1
1582400 1
1607459 1
1740623 1
1913767 1
1976400 1
0338174 1
1546804 1
1027002 1
0487358 1
1870569 1
2075625 1
0469128 1
1456005 1
2176725 1
1228882 1
2103110 1
1095676 1
0752124 1
2234650 1
0732201 1
1847312 1
1795133 1
0939579 1
1206451 1
1820319 1
2110536 1
0658068 1
2172265 1
1758487 1
1401062 1
1146233 1
1696058 1
1514936 1
0467445 1
1877324 1
0507685 1
1379983 1
1234647 1
0240319 1
0704510 1
2200425 1
1418227 1
2044875 1
1936431 1
1787739 1
1330831 1
2106885 1
2221303 1
2130084 1
2081094 1
2013756 1
1496408 1
1790501 1
2244063 1
1505793 1
1810920 1
1891190 1
2119860 1
2069690 1
1627991 1
0123344 1
2204922 1
2104765 1
2044277 1
2035343 1
1606745 1
1246993 1
1557747 1
1763802 1
2029861 1
1913641 1
1604058 1
1191065 1
1606594 1
0102223 2
2025767 2
1113588 2
0447940 2
0576242 2
0584536 2
0116704 2
1977078 2
1355230 2
0071197 2
0768404 2
0063290 2
0361112 2
0836146 2
0482796 2
0345781 2
0136190 2
1856982 2
1559371 2
0346147 2
1004164 2
1255726 2
1013519 2
0483243 2
1423425 2
0907390 2
1088805 2
0185316 2
0067397 2
1291894 2
1609206 2
1906074 2
0523221 2
1908065 2
1621237 2
1561989 2
1013358 2
0853397 2
1758544 2
0618871 2
0681535 2
0765780 2
1346444 2
0949946 2
0127637 2
0843145 2
0094394 2
2084806 2
1446456 2
0487316 2
0181735 2
0114420 2
0215875 2
2175624 2
0994754 2
0901514 2
1132271 2
0203222 2
1486858 2
1906073 2
0923502 2
1027362 2
1831097 2
1464252 2
1270583 2
1313523 2
0396589 2
1607382 2
0934705 2
1312250 2
2098098 2
1351410 2
1945366 2
1165189 2
1255446 2
1539428 2
1058491 2
1117069 2
1380336 2
0481842 2
1227531 2
1658655 2
1909808 2
1639831 2
1056320 2
1296212 2
1355236 2
1385121 2
1814161 2
2210075 2
1871272 2
1869981 2
1864330 2
1355481 2
1376172 2
1165384 2
1103086 2
1191117 2
2090080 2
1396939 2
1757004 2
1879116 2
0481841 2
1018875 2
0205770 2
2146985 2
1237633 2
1031451 2
1483441 2
1589410 2
0709185 2
1363952 2
0625763 2
1003143 2
1564781 2
0979624 2
1636535 2
1105737 2
0973383 2
2246105 2
0445491 2
1818746 2
1327284 2
0672114 2
0248132 2
1300487 2
0939503 2
2088369 2
1917860 2
1333717 2
1268547 2
1541378 2
0522853 2
1614878 2
1102381 2
0090861 2
1221957 2
0147032 2
0232377 2
2057952 2
0857653 2
0115072 2
1641331 2
0367794 2
0304209 2
2261957 2
1586478 2
1833079 2
1008426 2
0205775 2
0237111 2
1553898 2
2152856 2
0829997 2
0075759 2
1389257 2
0625402 2
2137087 2
0274254 2
2236969 2
1293019 2
1110808 2
0849417 2
0973290 2
0523031 2
0257282 2
2096354 2
2040683 2
0684603 2
2206288 2
0625762 2
2031397 2
1000045 2
2195127 2
2008019 2
0434343 2
1616512 2
0410062 2
0547318 2
1958762 2
0523050 2
1879898 2
2168926 2
0367993 2
0076836 2
1568879 2
1332663 2
1154702 2
1645748 2
1218795 2
0062131 2
1599803 2
1768769 2
0684562 2
1079168 2
2226325 2
0851313 2
0523001 2
2221573 2
0939608 2
1790500 2
1237863 2
1539325 2
2238330 2
1997848 2
1461298 2
1103363 2
2096236 2
2131538 2
2197483 2
1376301 2
2239590 2
0273146 2
1992921 2
1053428 2
1184708 2
0491557 2
0974301 2
1549128 2
1917518 2
0977515 2
1870658 2
2099421 2
1880805 2
0225212 2
2258288 2
0257026 2
0523063 2
1616481 2
2260895 2
1585032 2
2183607 2
1912969 2
1017290 2
1427112 2
0301964 2
1444739 2
0100207 2
1753661 2
0684608 2
1258138 2
0675670 2
0457177 2
1467620 2
2109389 2
1936773 2
2162934 2
1885667 2
1027573 2
0496970 2
1795156 2
1939758 2
1251253 2
1531355 2
1584962 2
0857160 2
2241971 2
2171767 2
1979066 2
2147234 2
0175819 2
1864988 2
1540121 2
0714155 2
2041415 2
1146174 2
0824047 2
1313522 2
0063835 2
0884477 2
0414366 2
0237414 2
0077196 2
1568114 2
0897300 2
0295746 2
0245219 2
0701753 2
1210463 2
0187671 2
0241450 2
1571964 2
1507531 2
0585327 2
1266977 2
1111277 2
0457830 2
0136500 2
0072870 2
0082967 2
0062258 2
1234832 2
0447785 2
0918184 2
0301967 2
0140272 2
0523012 2
0066533 2
0996579 2
0151678 2
1413317 2
0944221 2
0219233 2
2124076 2
1462854 2
0529811 2
0996087 2
0066413 2
0076845 2
0681536 2
1649738 2
0450540 2
1335195 2
1872634 2
0690074 2
0942763 2
1318416 2
2068053 2
0454595 2
0745361 2
2175627 2
1073030 2
1690964 2
1340494 2
0738965 2
0966176 2
1240324 2
1719561 2
1469661 2
1461207 2
0175821 2
0885090 2
1922848 2
1723789 2
1013667 2
1858302 2
1062482 2
1857215 2
0807870 2
1285638 2
0819084 2
2049626 2
0803689 2
0745521 2
1701067 2
0796416 2
1706716 2
1633998 2
0776777 2
1081563 2
2044905 2
1753485 2
0996410 2
0996453 2
1469672 2
1417964 2
0885622 2
1152283 2
1758713 2
1046881 2
1830876 2
1103339 2
0710652 2
0509541 2
1469709 2
0727643 2
1567881 2
1457710 2
0570728 2
1380666 2
1263090 2
1555715 2
0466768 2
1204296 2
1926827 2
1426948 2
1218924 2
2063809 2
0469779 2
1390327 2
0418967 2
0369472 2
1883790 2
1495298 2
1619902 2
1525660 2
1758483 2
1206453 2
1840139 2
1420117 2
2260088 2
1471167 2
1823702 2
1088600 2
1484701 2
1567292 2
1921777 2
1723906 2
1111113 2
1055150 2
2194956 2
1932603 2
0962924 2
2220792 2
2158999 2
1617649 2
1417441 2
2089280 2
2233490 2
2212259 2
1979061 2
1687332 2
1758424 2
2251120 2
2235142 2
1891187 2
1891966 2
1855197 2
1758486 2
1252082 2
2099324 2
1855337 2
1508047 2
1368055 2
2218523 2
2032511 2
1749661 2
2239301 2
1840423 2
1584021 2
1230040 2
1531175 2
1973442 2
2067948 2