1 1
2 1
3 1
4 1
5 1
6 1
9 1
10 1
11 1
12 1
13 1
14 1
15 1
16 1
17 1
18 1
19 1
20 1
21 1
26 1
28 1
29 1
31 1
32 1
33 1
37 1
38 1
39 1
40 1
43 1
44 1
45 1
46 1
47 1
48 1
49 1
50 1
51 1
52 1
53 1
55 1
56 1
57 1
58 1
59 1
60 1
61 1
62 1
67 1
68 1
69 1
70 2
71 2
72 2
73 2
74 2
75 2
76 2
77 2
78 2
81 2
82 2
83 2
84 2
85 2
86 2
87 2
88 2
89 2
90 2
91 2
92 2
94 2
95 2
96 2
97 2
98 2
102 2
105 2
106 2
107 2
108 2
109 2
110 2
111 2
112 2
113 2
114 2
115 2
116 2
117 2
118 2
119 2
120 2
121 2
122 2
123 2
124 2
126 2
127 2
128 2
129 2
130 2
131 2
132 2
133 2
134 2
135 2
136 2
137 2
138 2
139 2
140 2
141 2
142 2
143 2
144 2
145 2
148 2
149 2
150 2
152 2
153 2
154 2
155 2
156 2
157 2
158 2
159 2
160 2
161 2
162 2
163 2
164 2
165 2
166 2
167 2
168 2
169 2
170 2
171 2
173 2
174 2
175 2
176 2
177 2
178 2
179 2
180 2
181 2
182 2
183 2
184 2
186 2
187 2
189 2
190 2
191 2
192 2
193 2
194 2
195 2
196 2
197 2
198 2
199 2
200 2
201 2
202 2
203 2
204 2
205 2
206 2
207 2
208 2
209 2
210 2
211 2
212 2
213 2
214 2
215 2
216 2
217 2
218 2
219 2
223 2
224 2
225 2
226 2
227 2
228 2
229 2
230 2
232 2
233 2
234 2
235 2
237 2
238 2
239 2
240 2
241 2
242 2
243 2
244 2
245 2
246 2
247 2
248 2
249 2
250 2
251 2
252 2
253 2
254 2
255 2
256 2
257 2
258 2
259 2
260 2
261 2
262 2
264 2
265 2
266 2
267 2
268 2
269 2
270 2
271 2
272 2
273 2
274 2
275 2
276 2
277 2
278 2
279 2
280 2
281 2
282 2
283 2
284 2
285 2
286 2
287 2
288 2
289 2
290 2
291 2
292 2
293 2
294 2
295 2
297 2
299 2
301 2
303 2
304 2
305 2
306 2
307 2
308 2
309 2
310 2
311 2
312 2
313 2
314 2
318 2
319 2
320 2
323 2
327 3
328 3
329 3
330 3
331 3
332 3
333 3
334 3
335 3
336 3
337 3
338 3
340 3
342 3
343 3
344 3
348 3
349 3
350 3
351 3
352 3
353 3
354 3
356 3
357 3
358 3
359 3
362 3
363 3
365 3
369 3
370 3
371 3
372 3
373 3
374 3
375 3
376 3
377 3
379 3
380 3
382 3
384 3
388 3
389 3
390 3
391 3
392 3
393 3
394 3
395 3
398 3
399 3
400 3
401 3
402 3
404 3
405 3
406 3
407 3
408 3
409 3
410 3
411 3
412 3
413 3
414 3
415 3
416 3
418 3
419 3
420 3
421 3
422 3
423 3
424 3
426 3
427 3
428 3
433 3
442 3
443 3
444 3
445 3
446 3
448 3
449 3
450 3
451 3
453 3
454 3
455 3
456 3
457 3
459 3
461 3
462 3
466 3
467 3
468 3
469 3
470 3
471 3
472 3
473 3
474 3
475 3
477 3
478 3
479 3
480 3
481 3
482 3
483 3
484 3
485 3
487 3
488 3
489 3
490 3
491 3
492 3
493 3
496 3
497 3
499 3
500 3
501 3
502 3
503 3
504 3
505 3
509 3
510 3
511 3
512 3
513 3
514 3
515 3
516 3
517 3
518 3
519 3
520 3
521 3
522 3
523 3
524 3
525 3
526 3
527 3
528 3
529 3
530 3
531 3
532 3
538 3
539 3
540 3
541 3
543 3
544 3
545 3
546 3
547 3
548 3
549 3
550 3
551 3
552 3
553 3
554 3
555 3
556 3
559 3
560 3
561 3
562 3
563 3
577 3
578 3
580 3
584 3
586 3
587 3
592 3
593 3
594 3
595 3
598 3
599 3
600 3
601 3
606 3
607 3
608 3
609 3
610 3
611 3
614 3
615 3
616 3
617 3
620 3
621 3
622 3
623 3
624 3
625 3
626 3
627 3
629 3
631 3
632 3
636 3
637 3
640 3
643 3
644 3
645 3
646 3
647 3
648 3
650 3
651 3
652 3
653 3
654 3
657 3
658 3
660 3
661 3
662 3
663 3
664 3
672 3
673 3
674 3
675 3
679 3
680 3
681 3
682 3
687 3
688 3
689 3
690 3
692 3
693 3
696 3
697 3
698 3
704 3
706 3
708 3
709 3
711 3
712 3
713 3
714 3
715 3
716 3
717 3
718 3
719 3
720 3
721 3
723 3
725 3
726 3
728 3
729 3
730 3
732 3
733 3
734 3
735 3
736 3
737 3
738 3
740 3
741 3
742 3
743 3
744 3
745 3
746 3
747 3
748 3
749 3
750 3
751 3
752 4
753 4
754 4
756 4
757 4
758 4
759 4
760 4
761 4
762 4
763 4
764 4
765 4
766 4
767 4
768 4
770 4
771 4
772 4
773 4
774 4
775 4
776 4
777 4
778 4
779 4
780 4
781 4
782 4
783 4
784 4
785 4
786 4
787 4
788 4
789 4
790 4
791 4
793 4
794 4
795 4
796 4
797 4
798 4
799 4
800 4
801 4
802 4
803 4
804 4
805 4
806 4
807 4
808 4
809 4
810 4
811 4
812 4
813 4
814 4
815 4
816 4
817 4
818 4
819 4
820 4
821 4
822 4
823 4
824 4
825 4
826 4
827 4
828 4
829 4
830 4
834 4
835 4
836 4
837 4
838 4
839 4
840 4
841 4
842 4
843 4
844 4
845 4
846 4
847 4
848 4
849 4
850 4
851 4
852 4
853 4
855 4
856 4
857 4
858 4
859 4
860 4
861 4
862 4
863 4
864 4
865 4
866 4
867 4
868 4
869 4
870 4
871 4
872 4
873 4
874 4
875 4
876 4
877 4
878 4
879 4
880 4
881 4
882 4
883 4
884 4
885 4
886 4
887 4
888 4
889 4
890 4
891 4
893 4
894 4
895 4
896 4
897 4
898 4
899 4
900 4
901 4
902 4
903 4
904 4
905 4
906 4
907 4
908 4
909 4
910 4
911 4
912 4
913 4
914 4
915 4
916 4
917 4
918 4
919 4
921 4
922 4
923 4
924 4
925 4
926 4
927 4
928 4
929 4
930 4
931 4
932 4
935 4
936 4
937 4
938 4
939 4
940 4
941 4
942 4
943 4
944 4
945 4
946 4
947 4
948 4
949 4
950 4
951 4
952 4
953 4
954 4
955 4
956 4
957 4
958 4
959 4
960 4
961 4
962 4
963 4
964 4
965 4
966 4
967 4
968 4
969 4
970 4
971 4
972 4
973 4
974 4
975 4
976 4
977 4
978 4
979 4
980 4
981 4
982 4
983 4
985 4
986 4
987 4
988 4
989 4
990 4
991 4
992 4
993 4
994 4
997 4
998 4
999 4
1000 4
1001 4
1002 4
1003 4
1004 4
1005 4
1006 4
1007 4
1008 4
1009 4
1010 4
1011 4
1012 4
1013 4
1014 4
1015 4
1016 4
1017 4
1018 4
1019 4
1020 4
1021 4
1025 4
1026 4
1027 4
1028 4
1029 4
1030 4
1031 4
1032 4
1033 4
1034 4
1035 4
1036 4
1037 4
1038 4
1039 4
1040 4
1041 4
1042 4
1043 4
1044 4
1045 4
1046 4
1047 4
1048 4
1049 4
1050 4
1051 4
1052 4
1053 4
1054 4
1055 4
1056 4
1057 4
1058 4
1059 4
1060 4
1061 4
1062 4
1063 4
1064 4
1065 4
1066 4
1067 4
1068 4
1069 4
1070 4
1071 4
1072 4
1083 6
1089 6
1090 6
1091 6
1092 6
1093 6
1094 6
1095 6
1096 6
1097 6
1098 6
1099 6
1100 6
1101 6
1102 6
1104 6
1105 6
1106 6
1109 6
1110 6
1111 6
1112 6
1113 6
1114 6
1115 6
1116 6
1117 6
1118 6
1119 6
1120 6
1122 6
1135 6
1136 6
1137 6
1142 6
1143 6
1148 6
1149 6
1150 6
1152 6
1153 6
1154 6
1157 6
1158 6
1163 6
1169 6
1170 6
1171 6
1179 6
1180 6
1181 6
1182 6
1183 6
1184 6
1185 6
1186 6
1187 6
1188 6
1189 6
1190 6
1192 6
1193 6
1194 6
1198 6
1199 6
1201 6
1202 6
1203 6
1204 6
1205 6
1206 6
1207 6
1208 6
1209 6
1210 6
1211 6
1212 6
1214 6
1215 6
1216 6
1217 6
1219 6
1220 6
1221 6
1222 6
1223 6
1224 6
1225 6
1226 6
1229 6
1230 6
1231 6
1232 6
1234 6
1235 6
1236 6
1237 6
1238 6
1239 6
1240 6
1241 6
1242 6
1245 6
1246 6
1247 6
1248 6
1249 6
1250 6
1251 6
1252 6
1253 6
1254 6
1255 6
1256 6
1257 6
1259 6
1261 6
1262 6
1263 6
1264 6
1266 6
1267 6
1268 6
1269 6
1270 6
1271 6
1272 6
1273 6
1274 6
1275 6
1276 6
1277 6
1278 6
1279 6
1280 6
1281 6
1283 6
1284 6
1285 6
1286 6
1287 6
1288 6
1289 6
1290 6
1291 6
1292 6
1293 6
1294 6
1295 6
1296 6
1297 6
1298 6
1299 6
1300 6
1301 6
1302 6
1303 6
1304 6
1305 6
1306 6
1307 6
1308 6
1309 6
1310 6
1311 6
1312 6
1313 6
1314 6
1315 6
1316 6
1317 6
1319 6
1320 6
1321 6
1322 6
1323 6
1324 6
1325 6
1326 6
1328 6
1332 6
1333 6
1339 6
1340 6
1343 6
1345 6
1348 6
1349 6
1350 6
1354 6
1355 6
1356 6
1357 6
1358 6
1359 6
1360 6
1361 6
1362 6
1363 6
1364 6
1365 6
1366 6
1367 6
1368 6
1369 6
1370 6
1371 6
1372 6
1373 6
1377 6
1378 6
1379 6
1380 6
1381 6
1382 6
1383 6
1384 6
1385 6
1387 6
1388 6
1389 6
1390 6
1396 6
1397 6
1399 6
1400 6
1401 6
1402 6
1403 6
1404 6
1405 6
1406 6
1407 6
1408 6
1409 6
1410 6
1412 6
1418 6
1419 6
1420 6
1421 6
1422 6
1423 6
1424 6
1428 6
1429 6
1432 6
1433 6
1434 6
1435 6
1436 6
1437 6
1438 6
1439 6
1440 6
1441 6
1442 6
1443 6
1444 6
1445 6
1446 6
1447 6
1449 6
1450 6
1451 6
1452 6
1453 6
1454 6
1455 6
1456 6
1457 6
1458 6
1459 6
1460 6
1461 6
1462 6
1463 6
1464 6
1465 6
1466 6
1467 6
1468 6
1469 6
1470 6
1471 6
1472 6
1473 6
1474 6
1475 6
1476 6
1477 6
1479 6
1480 6
1481 6
1482 6
1483 6
1484 6
1485 6
1486 6
1487 6
1488 6
1489 6
1490 6
1491 6
1492 6
1493 6
1494 6
1495 6
1496 6
1497 6
1498 6
1499 6
1500 6
1501 6
1502 6
1503 6
1504 6
1505 6
1506 6
1507 6
1509 6
1510 6
1511 6
1512 6
1513 6
1515 6
1516 6
1517 6
1518 6
1519 6
1520 6
1521 6
1522 6
1523 6
1524 6
1525 6
1526 6
1527 6
1529 6
1530 6
1531 6
1532 6
1533 6
1534 6
1535 6
1536 6
1537 6
1538 6
1539 6
1540 6
1541 6
1542 6
1543 6
1544 6
1545 6
1546 6
1547 6
1548 6
1549 6
1550 6
1552 6
1553 6
1554 6
1555 6
1556 6
1557 6
1558 6
1559 6
1560 6
1561 6
1562 6
1563 6
1564 6
1565 6
1566 6
1567 6
1568 6
1569 6
1570 6
1571 6
1572 6
1573 6
1574 6
1575 6
1576 6
1577 6
1578 6
1579 6
1580 6
1581 6
1582 6
1583 6
1584 6
1585 6
1586 6
1587 6
1588 6
1589 6
1590 6
1591 6
1592 6
1604 6
1605 6
1606 6
1607 6
1608 6
1612 6
1613 6
1614 6
1615 6
1616 6
1617 6
1618 6
1619 6
1622 6
1623 6
1624 6
1625 6
1626 6
1627 6
1628 6
1629 6
1630 6
1631 6
1632 6
1633 6
1634 6
1635 6
1636 6
1637 6
1638 6
1639 6
1640 6
1641 6
1642 6
1643 6
1644 6
1645 6
1646 6
1647 6
1648 6
1649 6
1650 6
1651 6
1652 6
1653 6
1654 6
1655 6
1656 6
1657 6
1658 6
1659 6
1660 6
1661 6
1662 6
1666 6
1667 6
1668 6
1669 6
1670 6
1671 6
1672 6
1673 6
1674 6
1676 6
1677 6
1682 6
1683 6
1688 6
1689 6
1690 6
1691 6
1693 6
1694 6
1698 6
1699 6
1700 6
1701 6
1702 6
1703 6
1704 6
1705 6
1706 6
1707 6
1708 6
1709 6
1710 6
1711 6
1712 6
1713 6
1714 6
1715 6
1716 6
1717 6
1718 6
1719 6
1720 6
1721 6
1722 6
1726 6
1727 6
1728 6
1729 6
1730 6
1731 6
1732 6
1733 6
1734 6
1735 6
1736 6
1737 6
1738 6
1739 6
1740 6
1741 6
1742 6
1743 6
1744 6
1745 6
1746 6
1747 6
1748 6
1749 6
1750 6
1751 6
1752 6
1753 6
1754 6
1755 6
1756 6
1757 6
1758 6
1759 6
1760 6
1761 6
1763 6
1764 6
1765 6
1766 6
1767 6
1768 6
1769 6
1773 6
1774 6
1775 6
1776 6
1777 6
1778 6
1781 6
1782 6
1783 6
1784 6
1785 6
1786 6
1787 6
1788 6
1789 6
1790 6
1791 6
1792 6
1793 6
1794 6
1795 6
1796 6
1797 6
1798 6
1799 6
1800 6
1801 6
1802 6
1803 6
1804 6
1805 6
1806 6
1807 6
1808 6
1809 6
1810 6
1811 6
1812 6
1813 6
1814 6
1815 6
1816 6
1821 6
1822 6
1823 6
1824 6
1825 6
1826 6
1827 6
1828 6
1829 6
1830 6
1831 6
1832 6
1833 6
1834 6
1835 6
1836 6
1837 6
1838 6
1839 6
1840 6
1841 6
1842 6
1843 6
1844 6
1845 6
1846 6
1847 6
1848 6
1849 6
1850 6
1851 6
1852 6
1853 5
1854 5
1855 5
1856 5
1857 5
1858 5
1859 5
1860 5
1861 5
1862 5
1863 5
1864 5
1865 5
1866 5
1867 5
1868 5
1869 5
1870 5
1871 5
1872 5
1873 5
1874 5
1875 5
1876 5
1877 5
1878 5
1879 5
1880 5
1881 5
1882 5
1883 5
1884 5
1885 5
1886 5
1887 5
1888 5
1889 5
1890 5
1891 5
1892 5
1893 5
1894 5
1895 5
1896 5
1897 5
1898 5
1899 5
1900 5
1901 5
1902 5
1903 5
1904 5
1905 5
1906 5
1907 5
1908 5
1909 5
1910 5
1911 5
1912 5
1913 5
1914 5
1915 5
1916 5
1917 5
1918 5
1919 5
1920 5
1921 5
1922 5
1923 5
1924 5
1925 5
1926 5
1927 5
1928 5
1929 5
1930 5
1931 5
1932 5
1933 5
1934 5
1935 5
1936 5
1937 5
1938 5
1939 5
1940 5
1941 5
1942 5
1943 5
1944 5
1945 5
1946 5
1947 5
1948 5
1949 5
1950 5
1951 5
1952 5
1953 5
1954 5
1955 5
1956 5
1957 5
1958 5
1959 5
1960 5
1961 5
1962 5
1963 5
1964 5
1965 5
1966 5
1967 5
1968 5
1969 5
1970 5
1971 5
1972 5
1973 5
1974 5
1975 5
1976 5
1977 5
1978 5
1979 5
1980 5
1981 5
1982 5
1983 5
1984 5
1985 5
1986 5
1987 5
1988 5
1989 5
1990 5
1991 5
1992 5
1993 5
1994 5
1995 5
1996 5
1997 5
1998 5
1999 5
2000 5
2001 5
2002 5
2003 5
2004 5
2005 5
2006 5
2007 5
2008 5
2009 5
2010 5
2011 5
2012 5
2013 5
2014 5
2015 5
2016 5
2017 5
2018 5
2019 5
2020 5
2021 5
2022 5
2023 5
2024 5
2025 5
2026 5
2027 5
2028 5
2029 5
2030 5
2031 5
2032 5
2033 5
2034 5
2035 5
2036 5
2037 5
2038 5
2039 5
2040 5
2041 5
2042 5
2043 5
2044 5
2045 5
2046 5
2047 5
2048 5
2049 5
2050 5
2051 5
2052 5
2053 5
2054 5
2055 5
2056 5
2057 5
2058 5
2059 5
2060 5
2061 5
2062 5
2063 5
2064 5
2065 5
2066 5
2067 5
2068 5
2069 5
2070 5
2071 5
2072 5
2073 5
2074 5
2075 5
2076 5
2077 5
2078 5
2079 5
2080 5
2081 5
2082 5
2083 5
2084 5
2085 5
2086 5
2087 5
2088 5
2089 5
2090 5
2091 5
2092 5
2093 5
2094 5
2095 5
2096 5
2097 5
2098 5
2099 5
2100 5
2101 5
2102 5
2103 5
2104 5
2105 5
2106 5
2107 5
2108 5
2109 5
2110 5
2111 5
2112 5
2113 5
2114 5
2115 5
2116 5
2117 5
2118 5
2119 5
2120 5
2121 5
2122 5
2123 5
2124 5
2125 5
2126 5
2127 5
2128 5
2129 5
2130 5
2131 5
2132 5
2133 5
2134 5
2135 5
2136 5
2137 5
2138 5
2139 5
2140 5
2141 5
2142 5
2143 5
2144 5
2145 5
2146 5
2147 5
2148 5
2149 5
2150 5
2151 5
2152 5
2153 5
2154 5
2155 5
2156 5
2157 5
2158 5
2159 5
2160 5
2161 5
2162 5
2163 5
2164 5
2165 5
2166 5
2167 5
2168 5
2169 5
2170 5
2171 5
2172 5
2173 5
2174 5
2175 5
2176 5
2177 5
2178 5
2179 5
2180 5
2181 5
2182 5
2183 5
2184 5
2185 5
2186 5
2187 5
2188 5
2189 5
2190 5
2191 5
2192 5
2193 5
2194 5
2195 5
2196 5
2197 5
2198 5
2199 5
2200 5
2201 5
2202 5
2203 5
2204 5
2205 5
2206 5
2207 5
2208 5
2209 5
2210 5
2211 5
2212 5
2213 5
2214 5
2215 5
2216 5
2217 5
2218 5
2219 5
2220 5
2221 5
2222 5
2223 5
2224 5
2225 5
2226 5
2227 5
2228 5
2229 5
2230 5
2231 5
2232 5
2233 5
2234 5
2235 5
2236 5
2237 5
2238 5
2239 5
2240 5
2241 5
2242 5
2243 5
2244 5
2245 5
2246 5
2247 5
2248 5
2249 5
2250 5
2251 5
2252 5
2253 5
2254 5
2255 5
2256 5
2257 5
2258 5
2259 5
2260 5
2261 5
2262 5
2263 5
2264 5
2265 5
2266 5
2267 5
2268 5
2269 5
2270 5
2271 5
2272 5
2273 5
2274 5
2275 5
2276 5
2277 5
2278 5
2279 5
2280 5
2281 5
2282 5
2283 5
2284 5
2285 5
2286 5
2287 5
2288 5
2289 5
2290 5
2291 5
2292 5
2293 5
2294 5
2295 5
2296 5
2297 5
2298 5
2299 5
2300 5
2301 5
2302 5
2303 5
2304 5
2305 5
2306 5
2307 5
2308 5
2309 5
2310 5
2311 5
2312 5
2313 5
2314 5
2315 5
2316 5
2317 5
2318 5
2319 5
2320 5
2321 5
2322 5
2323 5
2324 5
2325 5
2326 5
2327 5
2328 5
2329 5
2330 5
2331 5
2332 5
2333 5
2334 5
2335 5
2336 5
2337 5
2338 5
2339 5
2340 5
2341 5
2342 5
2343 5
2344 5
2345 5
2346 5
2347 5
2348 5
2349 5
2350 5
2351 5
2352 5
2353 5
2354 5
2355 5
2356 5
2357 5
2358 5
2359 5
2360 5
2361 5
2362 5
2363 5
2364 5
2365 5
2366 5
2367 5
2368 5
2369 5
2370 5
2371 5
2372 5
2373 5
2374 5
2375 5
2376 5
2377 5
2378 5
2379 5
2380 5
2381 5
2382 5
2383 5
2384 5
2385 5
2386 5
2387 5
2388 5
2389 5
2390 5
2391 5
2392 5
2393 5
2394 5
2395 5
2396 5
2397 5
2398 5
2399 5
2400 5
2401 5
2402 5
2403 5
2404 5
2405 5
2406 5
2407 5
2408 5
2409 5
2410 5
2411 5
2412 5
2413 5
2414 5
2415 5
2416 5
2417 5
2418 5
2419 5
2420 5
2421 5
2422 5
2423 5
2424 5
2425 5
2426 5
2427 5
2428 5
2429 5
2430 5
2431 5
2432 5
2433 5
2434 5
2435 5
2436 5
2437 5
2438 5
2439 5
2440 5
2441 5
2442 5
2443 5
2444 5
2445 5
2446 5
2447 5
2448 5
2449 5
2450 5
2451 5
2452 5
2453 5
2454 5
2455 5
2456 5
2457 5
2458 5
2459 5
2460 5
2461 5
2462 5
2463 5
2464 5
2465 5
2466 5
2467 5
2468 5
2469 5
2470 5
2471 5
2472 5
2473 5
2474 5
2475 5
2476 5
2477 5
2478 5
2479 5
2480 5
2481 5
2482 5
2483 5
2484 5
2485 5
2486 5
2487 5
2488 5
2489 5
2490 5
2491 5
2492 5
2493 5
2494 5
2495 5
2496 5
2497 5
2498 5
2499 5
2500 5
2501 5
2502 5
2503 5
2504 5
2505 5
2506 5
2507 5
2508 5
2509 5
2510 5
2511 5
2512 5
2513 5
2514 5
2515 5
2516 5
2517 5
2518 5
2519 5
2520 5
2521 5
2522 5
2523 5
2524 5
2525 5
2526 5
2527 5
2528 5
2529 5
2530 5
2531 5
2532 5
2533 5
2534 5
2535 5
2536 5
2537 5
2538 5
2539 5
2540 5
2541 5
2542 5
2543 5
2544 5
2545 5
2546 5
2547 5
2548 5
2549 5
2550 5
2551 5
2552 5
2553 5
2554 5
2555 5
2556 5
2557 5
2558 5
2559 5
2560 5
2561 5
2562 5
2563 5
2564 5
2565 5
2566 5
2567 5
2568 5
2569 5
2570 5
2571 5
2572 5
2573 5
2574 5
2575 5
2576 5
2577 5
2578 5
2579 5
2580 5
2581 5
2582 5
2583 5
2584 5
2585 5
2586 5
2587 5
2588 5
2589 5
2590 5
2591 5
2592 5
2593 5
2594 5
2595 5
2596 5
2597 5
2598 5
2599 5
2600 5
2601 5
2602 5
2603 5
2604 5
2605 5
2606 5
2607 5
2608 5
2609 5
2610 5
2611 5
2612 5
2613 5
2614 5
2615 5
2616 5
2617 5
2618 5
2619 5
2620 5
2621 5
2622 5
2623 5
2624 5
2625 5
2626 5
2627 5
2628 5
2629 5
2630 5
2631 5
2632 5
2633 5
2634 5
2635 5
2636 5
2637 5
2638 5
2639 5
2640 5
2641 5
2642 5
2643 5
2644 5
2645 5
2646 5
2647 5
2648 5
2649 5
2650 5
2651 5
2652 5
2653 5
2654 5
2655 5
2656 5
2657 5
2658 5
2659 5
2660 5
2661 5
2662 5
2663 5
2664 5
2665 5
2666 5
2667 5
2668 5
2669 5
2670 5
2671 5
2672 5
2673 5
2674 5
2675 5
2676 5
2677 5
2678 5
2679 5
2680 5
2681 5
2682 5
2683 5
2684 5
2685 5
2686 5
2687 5
2688 5
2689 5
2690 5
2691 5
2692 5
2693 5
2694 5
2695 5
2696 5
2697 5
2698 5
2699 5
2700 5
2701 5
2702 5
2703 5
2704 5
2705 5
2706 5
2707 5
2708 5
2709 5
2710 5
2711 5
2712 5
2713 5
2714 5
2715 5
2716 5
2717 5
2718 5
2719 5
2720 5
2721 5
2722 5
2723 5
2724 5
2725 5
2726 5
2727 5
2728 5
2729 5
2730 5
2731 5
2732 5
2733 5
2734 5
2735 5
2736 5
2737 5
2738 5
2739 5
2740 5
2741 5
2742 5
2743 5
2744 5
2745 5
2746 5
2747 5
2748 5
2749 5
2750 5
2751 5
2752 5
2753 5
2754 5
2755 5
2756 5
2757 5
2758 5
2759 5
2760 5
2761 5
2762 5
2763 5
2764 5
2765 5
2766 5
2767 5
2768 5
2769 5
2770 5
2771 5
2772 5
2773 5
2774 5
2775 5
2776 5
2777 5
2778 5
2779 5
2780 5
2781 5
2782 5
2783 5
2784 5
2785 5
2786 5
2787 5
2788 5
2789 5
2790 5
2791 5
2792 5
2793 5
2794 5
2795 5
2796 5
2797 5
2798 5
2799 5
2800 5
2801 5
2802 5
2803 5
2804 5
2805 5
2806 5
2807 5
2808 5
2809 5
2810 5
2811 5
2812 5
2813 5
2814 5
2815 5
2816 5
2817 5
2818 5
2819 5
2820 5
2821 5
2822 5
2823 5
2824 5
2825 5
2826 5
2827 5
2828 5
2829 5
2830 5
2831 5
2832 5
2833 5
2834 5
2835 5
2836 5
2837 5
2838 5
2839 5
2840 5
2841 5
2842 5
2843 5
2844 5
2845 5
2846 5
2847 5
2848 5
2849 5
2850 5
2851 5
2852 5
2853 5
2854 5
2855 5
2856 5
2857 5
2858 5
2859 5
2860 5
2861 5
2862 5
2863 5
2864 5
2865 5
2866 5
2867 5
2868 5
2869 5
2870 5
2871 5
2872 5
2873 5
2874 5
2875 5
2876 5
2877 5
2878 5
2879 5
2880 5
2881 5
2882 5
2883 5
2884 5
2885 5
2886 5
2887 5
2888 5
2889 5
2890 5
2891 5
2892 5
2893 5
2894 5
2895 5
2896 5
2897 5
2898 5
2899 5
2900 5
2901 5
2902 5
2903 5
2904 5
2905 5
2906 5
2907 5
2908 5
2909 5
2910 5
2911 5
2912 5
2913 5
2914 5
2915 5
2916 5
2917 5
2918 5
2919 5
2920 5
2921 5
2922 5
2923 5
2924 5
2925 5
2926 5
2927 5
2928 5
2929 5
2930 5
2931 5
2932 5
2933 5
2934 5
2935 5
2936 5
2937 5
2938 5
2939 5
2940 5
2941 5
2942 5
2943 5
2944 5
2945 5
2946 5
2947 5
2948 5
2949 5
2950 5
2951 5
2952 5
2953 5
2954 5
2955 5
2956 5
2957 5
2958 5
2959 5
2960 5
2961 5
2962 5
2963 5
2964 5
2965 5
2966 5
2967 5
2968 5
2969 5
2970 5
2971 5
2972 5
2973 5
2974 5
2975 5
2976 5
2977 5
2978 5
2979 5
2980 5
2981 5
2982 5
2983 5
2984 5
2985 5
2986 5
2987 5
2988 5
2989 5
2990 5
2991 5
2992 5
2993 5
2994 5
2995 5
2996 5
2997 5
2998 5
2999 5
3000 5
3001 5
3002 5
3003 5
3004 5
3005 5
3006 5
3007 5
3008 5
3009 5
3010 5
3011 5
3012 5
3013 5
3014 5
3015 5
3016 5
3017 5
3018 5
3019 5
3020 5
3021 5
3022 5
3023 5
3024 5
3025 5
3026 5
3027 5
3028 5
3029 5
3030 5
3031 5
3032 5
3033 5
3034 5
3035 5
3036 5
3037 5
3038 5
3039 5
3040 5
3041 5
3042 5
3043 5
3044 5
3045 5
3046 5
3047 5
3048 5
3049 5
3050 5
3051 5
3052 5
3053 5
3054 5
3055 5
3056 5
3057 5
3058 5
3059 5
3060 5
3061 5
3062 5
3063 5
3064 5
3065 5
3066 5
3067 5
3068 5
3069 5
3070 5
3071 5
3072 5
3073 5
3074 5
3075 5
3076 5
3077 5
3078 5
3079 5
3080 5
3081 5
3082 5
3083 5
3084 5
3085 5
3086 5
3087 5
3088 5
3089 5
3090 5
3091 5
3092 5
3093 5
3094 5
3095 5
3096 5
3097 5
3098 5
3099 5
3100 5
3101 5
3102 5
3103 5
3104 5
3105 5
3106 5
3107 5
3108 5
3109 5
3110 5
3111 5
3112 5
3113 5
3114 5
3115 5
3116 5
3117 5
3118 5
3119 5
3120 5
3121 5
3122 5
3123 5
3124 5
3125 5
3126 5
3127 5
3128 5
3129 5
3130 5
3131 5
3132 5
3133 5
3134 5
3135 5
3136 5
3137 5
3138 5
3139 5
3140 5
3141 5
3142 5
3143 5
3144 5
3145 5
3146 5
3147 5
3148 5
3149 5
3150 5
3151 5
3152 5
3153 5
3154 5
3155 5
3156 5
3157 5
3158 5
3159 5
3160 5
3161 5
3162 5
3163 5
3164 5
3165 5
3166 5
3167 5
3168 5
3169 5
3170 5
3171 5
3172 5
3173 5
3174 5
3175 5
3176 5
3177 5
3178 5
3179 5
3180 5
3181 5
3182 5
3183 5
3184 5
3185 5
3186 5
3187 5
3188 5
3189 5
3190 5
3191 5
3192 5
3193 5
3194 5
3195 5
3196 5
3197 5
3198 5
3199 5
3200 5
3201 5
3202 5
3203 5
3204 5
3205 5
3206 5
3207 5
3208 5
3209 5
3210 5
3211 5
3212 5
3213 5
3214 5
3215 5
3216 5
3217 5
3218 5
3219 5
3220 5
3221 5
3222 5
3223 5
3224 5
3225 5
3226 5
3227 5
3228 5
3229 5
3230 5
3231 5
3232 5
3233 5
3234 5
3235 5
3236 5
3237 5
3238 5
3239 5
3240 5
3241 5
3242 5
3243 5
3244 5
3245 5
3246 5
3247 5
3248 5
3249 5
3250 5
3251 5
3252 5
3253 5
3254 5
3255 5
3256 5
3257 5
3258 5
3259 5
3260 5
3261 5
3262 5
3263 5
3264 5
3265 5
3266 5
3267 5
3268 5
3269 5
3270 5
3271 5
3272 5
3273 5
3274 5
3275 5
3276 5
3277 5
3278 5
3279 5
3280 5
3281 5
3282 5
3283 5
3284 5
3285 5
3286 5
3287 5
3288 5
3289 5
3290 5
3291 5
3292 5
3293 5
3294 5
3295 5
3296 5
3297 5
3298 5
3299 5
3300 5
3301 5
3302 5
3303 5
3304 5
3305 5
3306 5
3307 5
3308 5
3309 5
3310 5
3311 5
3312 5
3313 5
3314 5
3315 5
3316 5
3317 5
3318 5
3319 5
3320 5
3321 5
3322 5
3323 5
3324 5
3325 5
3326 5
3327 5
3328 5
3329 5
3330 5
3331 5
3332 5
3333 5
3334 5
3335 5
3336 5
3337 5
3338 5
3339 5
3340 5
3341 5
3342 5
3343 5
3344 5
3345 5
3346 5
3347 5
3348 5
3349 5
3350 5
3351 5
3352 5
3353 5
3354 5
3355 5
3356 5
3357 5
3358 5
3359 5
3360 5
3361 5
3362 5
3363 5
3364 5
3365 5
3366 5
3367 5
3368 5
3369 5
3370 5
3371 5
3372 5
3373 5
3374 5
3375 5
3376 5
3377 5
3378 5
3379 5
3380 5
3381 5
3382 5
3383 5
3384 5
3385 5
3386 5
3387 5
3388 5
3389 5
3390 5
3391 5
3392 5
3393 5
3394 5
3395 5
3396 5
3397 5
3398 5
3399 5
3400 5
3401 5
3402 5
3403 5
3404 5
3405 5
3406 5
3407 5
3408 5
3409 5
3410 5
3411 5
3412 5
3413 5
3414 5
3415 5
3416 5
3417 5
3418 5
3419 5
3420 5
3421 5
3422 5
3423 5
3424 5
3425 5
3426 5
3427 5
3428 5
3429 5
3430 5
3431 5
3432 5
3433 5
3434 5
3435 5
3436 5
3437 5
3438 5
3439 5
3440 5
3441 5
3442 5
3443 5
3444 5
3445 5
3446 5
3447 5
3448 5
3449 5
3450 5
3451 5
3452 5
3453 5
3454 5
3455 5
3456 5
3457 5
3458 5
3459 5
3460 5
3461 5
3462 5
3463 5
3464 5
3465 5
3466 5
3467 5
3468 5
3469 5
3470 5
3471 5
3472 5
3473 5
3474 5
3475 5
3476 5
3477 5
3478 5
3479 5
3480 5
3481 5
3482 5
3483 5
3484 5
3485 5
3486 5
3487 5
3488 5
3489 5
3490 5
3491 5
3492 5
3493 5
3494 5
3495 5
3496 5
3497 5
3498 5
3499 5
3500 5
3501 5
3502 5
3503 5
3504 5
3505 5
3506 5
3507 5
3508 5
3509 5
3510 5
3511 5
3512 5
3513 5
3514 5
3515 5
3516 5
3517 5
3518 5
3519 5
3520 5
3521 5
3522 5
3523 5
3524 5
3525 5
3526 5
3527 5
3528 5
3529 5
3530 5
3531 5
3532 5
3533 5
3534 5
3535 5
3536 5
3537 5
3538 5
3539 5
3540 5
3541 5
3542 5
3543 5
3544 5
3545 5
3546 5
3547 5
3548 5
3549 5
3550 5
3551 5
3552 5
3553 5
3554 5
3555 5
3556 5
3557 5
3558 5
3559 5
3560 5
3561 5
3562 5
3563 5
3564 5
3565 5
3566 5
3567 5
3568 5
3569 5
3570 5
3571 5
3572 5
3573 5
3574 5
3575 5
3576 5
3577 5
3578 5
3579 5
3580 5
3581 5
3582 5
3583 5
3584 5
3585 5
3586 5
3587 5
3588 5
3589 5
3590 5
3591 5
3592 5
3593 5
3594 5
3595 5
3596 5
3597 5
3598 5
3599 5
3600 5
3601 5
3602 5
3603 5
3604 5
3605 5
3606 5
3607 5
3608 5
3609 5
3610 5
3611 5
3612 5
3613 5
3614 5
3615 5
3616 5
3617 5
3618 5
3619 5
3620 5
3621 5
3622 5
3623 5
3624 5
3625 5
3626 5
3627 5
3628 5
3629 5
3630 5
3631 5
3632 5
3633 5
3634 5
3635 5
3636 5
3637 5
3638 5
3639 5
3640 5
3641 5
3642 5
3643 5
3644 5
3645 5
3646 5
3647 5
3648 5
3649 5
3650 5
3651 5
3652 5
3653 5
3654 5
3655 5
3656 5
3657 5
3658 5
3659 5
3660 5
3661 5
3662 5
3663 5
3664 5
3665 5
3666 5
3667 5
3668 5
3669 5
3670 5
3671 5
3672 5
3673 5
3674 5
3675 5
3676 5
3677 5
3678 5
3679 5
3680 5
3681 5
3682 5
3683 5
3684 5
3685 5
3686 5
3687 5
3688 5
3689 5
3690 5
3691 5
3692 5
3693 5
3694 5
3695 5
3696 5
3697 5
3698 5
3699 5
3700 5
3701 5
3702 5
3703 5
3704 5
3705 5
3706 5
3707 5
3708 5
3709 5
3710 5
3711 5
3712 5
3713 5
3714 5
3715 5
3716 5
3717 5
3718 5
3719 5
3720 5
3721 5
3722 5
3723 5
3724 5
3725 5
3726 5
3727 5
3728 5
3729 5
3730 5
3731 5
3732 5
3733 5
3734 5
3735 5
3736 5
3737 5
3738 5
3739 5
3740 5
3741 5
3742 5
3743 5
3744 5
3745 5
3746 5
3747 5
3748 5
3749 5
3750 5
3751 5
3752 5
3753 5
3754 5
3755 5
3756 5
3757 5
3758 5
3759 5
3760 5
3761 5
3762 5
3763 5
3764 5
3765 5
3766 5
3767 5
3768 5
3769 5
3770 5
3771 5
3772 5
3773 5
3774 5
3775 5
3776 5
3777 5
3778 5
3779 5
3780 5
3781 5
3782 5
3783 5
3784 5
3785 5
3786 5
3787 5
3788 5
3789 5
3790 5
3791 5
3792 5
3793 5
3794 5
3795 5
3796 5
3797 5
3798 5
3799 5
3800 5
3801 5
3802 5
3803 5
3804 5
3805 5
3806 5
3807 5
3808 5
3809 5
3810 5
3811 5
3812 5
3813 5
3814 5
3815 5
3816 5
3817 5
3818 5
3819 5
3820 5
3821 5
3822 5
3823 5
3824 5
3825 5
3826 5
3827 5
3828 5
3829 5
3830 5
3831 5
3832 5
3833 5
3834 5
3835 5
3836 5
3837 5
3838 5
3839 5
3840 5
3841 5
3842 5
3843 5
3844 5
3845 5
3846 5
3847 5
3848 5
3849 5
3850 5
3851 5
3852 5
3853 5
3854 5
3855 5
3856 5
3857 5
3858 5
3859 5
3860 5
3861 5
3862 5
3863 5
3864 5
3865 5
3866 5
3867 5
3868 5
3869 5
3870 5
3871 5
3872 5
3873 5
3874 5
3875 5
3876 5
3877 5
3878 5
3879 5
3880 5
3881 5
3882 5
3883 5
3884 5
3885 5
3886 5
3887 5
3888 5
3889 5
3890 5
3891 5
3892 5
3893 5
3894 5
3895 5
3896 5
3897 5
3898 5
3899 5
3900 5
3901 5
3902 5
3903 5
3904 5
3905 5
3906 5
3907 5
3908 5
3909 5
3910 5
3911 5
3912 5
3913 5
3914 5
3915 5
3916 5
3917 5
3918 5
3919 5
3920 5
3921 5
3922 5
3923 5
3924 5
3925 5
3926 5
3927 5
3928 5
3929 5
3930 5
3931 5
3932 5
3933 5
3934 5
3935 5
3936 5
3937 5
3938 5
3939 5
3940 5
3941 5
3942 5
3943 5
3944 5
3945 5
3946 5
3947 5
3948 5
3949 5
3950 5
3951 5
3952 5
3953 5
3954 5
3955 5
3956 5
3957 5
3958 5
3959 5
3960 5
3961 5
3962 5
3963 5
3964 5
3965 5
3966 5
3967 5
3968 5
3969 5
3970 5
3971 5
3972 5
3973 5
3974 5
3975 5
3976 5
3977 5
3978 5
3979 5
3980 5
3981 5
3982 5
3983 5
3984 5
3985 5
3986 5
3987 5
3988 5
3989 5
3990 5
3991 5
3992 5
3993 5
3994 5
3995 5
3996 5
3997 5
3998 5
3999 5
4000 5
4001 5
4002 5
4003 5
4004 5
4005 5
4006 5
4007 5
4008 5
4009 5
4010 5
4011 5
4012 5
4013 5
4014 5
4015 5
4016 5
4017 5
4018 5
4019 5
4020 5
4021 5
4022 5
4023 5
4024 5
4025 5
4026 5
4027 5
4028 5
4029 5
4030 5
4031 5
4032 5
4033 5
4034 5
4035 5
4036 5
4037 5
4038 5
4039 5
4040 5
4041 5
4042 5
4043 5
4044 5
4045 5
4046 5
4047 5
4048 5
4049 5
4050 5
4051 5
4052 5
4053 5
4054 5
4055 5
4056 5
4057 5
4058 5
4059 5
4060 5
4061 5
4062 5
4063 5
4064 5
4065 5
4066 5
4067 5
4068 5
4069 5
4070 5
4071 5
4072 5
4073 5
4074 5
4075 5
4076 5
4077 5
4078 5
4079 5
4080 5
4081 5
4082 5
4083 5
4084 5
4085 5
4086 5
4087 5
4088 5
4089 5
4090 5
4091 5
4092 5
4093 5
4094 5
4095 5
4096 5
4097 5
4098 5
4099 5
4100 5
4101 5
4102 5
4103 5
4104 5
4105 5
4106 5
4107 5
4108 5
4109 5
4110 5
4111 5
4112 5
4113 5
4114 5
4115 5
4116 5
4117 5
4118 5
4119 5
4120 5
4121 5
4122 5
4123 5
4124 5
4125 5
4126 5
4127 5
4128 5
4129 5
4130 5
4131 5
4132 5
4133 5
4134 5
4135 5
4136 5
4137 5
4138 5
4139 5
4140 5
4141 5
4142 5
4143 5
4144 5
4145 5
4146 5
4147 5
4148 5
4149 5
4150 5
4151 5
4152 5
4153 5
4154 5
4155 5
4156 5
4157 5
4158 5
4159 5
4160 5
4161 5
4162 5
4163 5
4164 5
4165 5
4166 5
4167 5
4168 5
4169 5
4170 5
4171 5
4172 5
4173 5
4174 5
4175 5
4176 5
4177 5
4178 5
4179 5
4180 5
4181 5
4182 5
4183 5
4184 5
4185 5
4186 5
4187 5
4188 5
4189 5
4190 5
4191 5
4192 5
4193 5
4194 5
4195 5
4196 5
4197 5
4198 5
4199 5
4200 5
4201 5
4202 5
4203 5
4204 5
4205 5
4206 5
4207 5
4208 5
4209 5
4210 5
4211 5
4212 5
4213 5
4214 5
4215 5
4216 5
4217 5
4218 5
4219 5
4220 5
4221 5
4222 5
4223 5
4224 5
4225 5
4226 5
4227 5
4228 5
4229 5
4230 5
4231 5
4232 5
4233 5
4234 5
4235 5
4236 5
4237 5
4238 5
4239 5
4240 5
4241 5
4242 5
4243 5
4244 5
4245 5
4246 5
4247 5
4248 5
4249 5
4250 5
4251 5
4252 5
4253 5
4254 5
4255 5
4256 5
4257 5
4258 5
4259 5
4260 5
4261 5
4262 5
4263 5
4264 5
4265 5
4266 5
4267 5
4268 5
4269 5
4270 5
4271 5
4272 5
4273 5
4274 5
4275 5
4276 5
4277 5
4278 5
4279 5
4280 5
4281 5
4282 5
4283 5
4284 5
4285 5
4286 5
4287 5
4288 5
4289 5
4290 5
4291 5
4292 5
4293 5
4294 5
4295 5
4296 5
4297 5
4298 5
4299 5
4300 5
4301 5
4302 5
4303 5
4304 5
4305 5
4306 5
4307 5
4308 5
4309 5
4310 5
4311 5
4312 5
4313 5
4314 5
4315 5
4316 5
4317 5
4318 5
4319 5
4320 5
4321 5
4322 5
4323 5
4324 5
4325 5
4326 5
4327 5
4328 5
4329 5
4330 5
4331 5
4332 5
4333 5
4334 5
4335 5
4336 5
4337 5
4338 5
4339 5
4340 5
4341 5
4342 5
4343 5
4344 5
4345 5
4346 5
4347 5
4348 5
4349 5
4350 5
4351 5
4352 5
4353 5
4354 5
4355 5
4356 5
4357 5
4358 5
4359 5
4360 5
4361 5
4362 5
4363 5
4364 5
4365 5
4366 5
4367 5
4368 5
4369 5
4370 5
4371 5
4372 5
4373 5
4374 5
4375 5
4376 5
4377 5
4378 5
4379 5
4380 5
4381 5
4382 5
4383 5
4384 5
4385 5
4386 5
4387 5
4388 5
4389 5
4390 5
4391 5
4392 5
4393 5
4394 5
4395 5
4396 5
4397 5
4398 5
4399 5
4400 5
4401 5
4402 5
4403 5
4404 5
4405 5
4406 5
4407 5
4408 5
4409 5
4410 5
4411 5
4412 5
4413 5
4414 5
4415 5
4416 5
4417 5
4418 5
4419 5
4420 5
4421 5
4422 5
4423 5
4424 5
4425 5
4426 5
4427 5
4428 5
4429 5
4430 5
4431 5
4432 5
4433 5
4434 5
4435 5
4436 5
4437 5
4438 5
4439 5
4440 5
4441 5
4442 5
4443 5
4444 5
4445 5
4446 5
4447 5
4448 5
4449 5
4450 5
4451 5
4452 5
4453 5
4454 5
4455 5
4456 5
4457 5
4458 5
4459 5
4460 5
4461 5
4462 5
4463 5
4464 5
4465 5
4466 5
4467 5
4468 5
4469 5
4470 5
4471 5
4472 5
4473 5
4474 5
4475 5
4476 5
4477 5
4478 5
4479 5
4480 5
4481 5
4482 5
4483 5
4484 5
4485 5
4486 5
4487 5
4488 5
4489 5
4490 5
4491 5
4492 5
4493 5
4494 5
4495 5
4496 5
4497 5
4498 5
4499 5
4500 5
4501 5
4502 5
4503 5
4504 5
4505 5
4506 5
4507 5
4508 5
4509 5
4510 5
4511 5
4512 5
4513 5
4514 5
4515 5
4516 5
4517 5
4518 5
4519 5
4520 5
4521 5
4522 5
4523 5
4524 5
4525 5
4526 5
4527 5
4528 5
4529 5
4530 5
4531 5
4532 5
4533 5
4534 5
4535 5
4536 5
4537 5
4538 5
4539 5
4540 5
4541 5
4542 5
4543 5
4544 5
4545 5
4546 5
4547 5
4548 5
4549 5
4550 5
4551 5
4552 5
4553 5
4554 5
4555 5
4556 5
4557 5
4558 5
4559 5
4560 5
4561 5
4562 5
4563 5
4564 5
4565 5
4566 5
4567 5
4568 5
4569 5
4570 5
4571 5
4572 5
4573 5
4574 5
4575 5
4576 5
4577 5
4578 5
4579 5
4580 5
4581 5
4582 5
4583 5
4584 5
4585 5
4586 5
4587 5
4588 5
4589 5
4590 5
4591 5
4592 5
4593 5
4594 5
4595 5
4596 5
4597 5
4598 5
4599 5
4600 5
4601 5
4602 5
4603 5
4604 5
4605 5
4606 5
4607 5
4608 5
4609 5
4610 5
4611 5
4612 5
4613 5
4614 5
4615 5
4616 5
4617 5
4618 5
4619 5
4620 5
4621 5
4622 5
4623 5
4624 5
4625 5
4626 5
4627 5
4628 5
4629 5
4630 5
4631 5
4632 5
4633 5
4634 5
4635 5
4636 5
4637 5
4638 5
4639 5
4640 5
4641 5
4642 5
4643 5
4644 5
4645 5
4646 5
4647 5
4648 5
4649 5
4650 5
4651 5
4652 5
4653 5
4654 5
4655 5
4656 5
4657 5
4658 5
4659 5
4660 5
4661 5
4662 5
4663 5
4664 5
4665 5
4666 5
4667 5
4668 5
4669 5
4670 5
4671 5
4672 5
4673 5
4674 5
4675 5
4676 5
4677 5
4678 5
4679 5
4680 5
4681 5
4682 5
4683 5
4684 5
4685 5
4686 5
4687 5
4688 5
4689 5
4690 5
4691 5
4692 5
4693 5
4694 5
4695 5
4696 5
4697 5
4698 5
4699 5
4700 5
4701 5
4702 5
4703 5
4704 5
4705 5
4706 5
4707 5
4708 5
4709 5
4710 5
4711 5
4712 5
4713 5
4714 5
4715 5
4716 5
4717 5
4718 5
4719 5
4720 5
4721 5
4722 5
4723 5
4724 5
4725 5
4726 5
4727 5
4728 5
4729 5
4730 5
4731 5
4732 5
4733 5
4734 5
4735 5
4736 5
4737 5
4738 5
4739 5
4740 5
4741 5
4742 5
4743 5
4744 5
4745 5
4746 5
4747 5
4748 5
4749 5
4750 5
4751 5
4752 5
4753 5
4754 5
4755 5
4756 5
4757 5
4758 5
4759 5
4760 5
4761 5
4762 5
4763 5
4764 5
4765 5
4766 5
4767 5
4768 5
4769 5
4770 5
4771 5
4772 5
4773 5
4774 5
4775 5
4776 5
4777 5
4778 5
4779 5
4780 5
4781 5
4782 5
4783 5
4784 5
4785 5
4786 5
4787 5
4788 5
4789 5
4790 5
4791 5
4792 5
4793 5
4794 5
4795 5
4796 5
4797 5
4798 5
4799 5
4800 5
4801 5
4802 5
4803 5
4804 5
4805 5
4806 5
4807 5
4808 5
4809 5
4810 5
4811 5
4812 5
4813 5
4814 5
4815 5
4816 5
4817 5
4818 5
4819 5
4820 5
4821 5
4822 5
4823 5
4824 5
4825 5
4826 5
4827 5
4828 5
4829 5
4830 5
4831 5
4832 5
4833 5
4834 5
4835 5
4836 5
4837 5
4838 5
4839 5
4840 5
4841 5
4842 5
4843 5
4844 5
4845 5
4846 5
4847 5
4848 5
4849 5
4850 5
4851 5
4852 5
4853 5
4854 5
4855 5
4856 5
4857 5
4858 5
4859 5
4860 5
4861 5
4862 5
4863 5
4864 5
4865 5
4866 5
4867 5
4868 5
4869 5
4870 5
4871 5
4872 5
4873 5
4874 5
4875 5
4876 5
4877 5
4878 5
4879 5
4880 5
4881 5
4882 5
4883 5
4884 5
4885 5
4886 5
4887 5
4888 5
4889 5
4890 5
4891 5
4892 5
4893 5
4894 5
4895 5
4896 5
4897 5
4898 5
4899 5
4900 5
4901 5
4902 5
4903 5
4904 5
4905 5
4906 5
4907 5
4908 5
4909 5
4910 5
4911 5
4912 5
4913 5
4914 5
4915 5
4916 5
4917 5
4918 5
4919 5
4920 5
4921 5
4922 5
4923 5
4924 5
4925 5
4926 5
4927 5
4928 5
4929 5
4930 5
4931 5
4932 5
4933 5
4934 5
4935 5
4936 5
4937 5
4938 5
4939 5
4940 5
4941 5
4942 5
4943 5
4944 5
4945 5
4946 5
4947 5
4948 5
4949 5
4950 5
4951 5
4952 5
4953 5
4954 5
4955 5
4956 5
4957 5
4958 5
4959 5
4960 5
4961 5
4962 5
4963 5
4964 5
4965 5
4966 5
4967 5
4968 5
4969 5
4970 5
4971 5
4972 5
4973 5
4974 5
4975 5
4976 5
4977 5
4978 5
4979 5
4980 5
4981 5
4982 5
4983 5
4984 5
4985 5
4986 5
4987 5
4988 5
4989 5
4990 5
4991 5
4992 5
4993 5
4994 5
4995 5
4996 5
4997 5
4998 5
4999 5
5000 5
5001 5
5002 5
5003 5
5004 5
5005 5
5006 5
5007 5
5008 5
5009 5
5010 5
5011 5
5012 5
5013 5
5014 5
5015 5
5016 5
5017 5
5018 5
5019 5
5020 5
5021 5
5022 5
5023 5
5024 5
5025 5
5026 5
5027 5
5028 5
5029 5
5030 5
5031 5
5032 5
5033 5
5034 5
5035 5
5036 5
5037 5
5038 5
5039 5
5040 5
5041 5
5042 5
5043 5
5044 5
5045 5
5046 5
5047 5
5048 5
5049 5
5050 5
5051 5
5052 5
5053 5
5054 5
5055 5
5056 5
5057 5
5058 5
5059 5
5060 5
5061 5
5062 5
5063 5
5064 5
5065 5
5066 5
5067 5
5068 5
5069 5
5070 5
5071 5
5072 5
5073 5
5074 5
5075 5
5076 5
5077 5
5078 5
5079 5
5080 5
5081 5
5082 5
5083 5
5084 5
5085 5
5086 5
5087 5
5088 5
5089 5
5090 5
5091 5
5092 5
5093 5
5094 5
5095 5
5096 5
5097 5
5098 5
5099 5
5100 5
5101 5
5102 5
5103 5
5104 5
5105 5
5106 5
5107 5
5108 5
5109 5
5110 5
5111 5
5112 5
5113 5
5114 5
5115 5
5116 5
5117 5
5118 5
5119 5
5120 5
5121 5
5122 5
5123 5
5124 5
5125 5
5126 5
5127 5
5128 5
5129 5
5130 5
5131 5
5132 5
5133 5
5134 5
5135 5
5136 5
5137 5
5138 5
5139 5
5140 5
5141 5
5142 5
5143 5
5144 5
5145 5
5146 5
5147 5
5148 5
5149 5
5150 5
5151 5
5152 5
5153 5
5154 5
5155 5
5156 5
5157 5
5158 5
5159 5
5160 5
5161 5
5162 5
5163 5
5164 5
5165 5
5166 5
5167 5
5168 5
5169 5
5170 5
5171 5
5172 5
5173 5
5174 5
5175 5
5176 5
5177 5
5178 5
5179 5
5180 5
5181 5
5182 5
5183 5
5184 5
5185 5
5186 5
5187 5
5188 5
5189 5
5190 5
5191 5
5192 5
5193 5
5194 5
5195 5
5196 5
5197 5
5198 5
5199 5
5200 5
5201 5
5202 5
5203 5
5204 5
5205 5
5206 5
5207 5
5208 5
5209 5
5210 5
5211 5
5212 5
5213 5
5214 5
5215 5
5216 5
5217 5
5218 5
5219 5
5220 5
5221 5
5222 5
5223 5
5224 5
5225 5
5226 5
5227 5
5228 5
5229 5
5230 5
5231 5
5232 5
5233 5
5234 5
5235 5
5236 5
5237 5
5238 5
5239 5
5240 5
5241 5
5242 5
5243 5
5244 5
5245 5
5246 5
5247 5
5248 5
5249 5
5250 5
5251 5
5252 5
5253 5
5254 5
5255 5
5256 5
5257 5
5258 5
5259 5
5260 5
5261 5
5262 5
5263 5
5264 5
5265 5
5266 5
5267 5
5268 5
5269 5
5270 5
5271 5
5272 5
5273 5
5274 5
5275 5
5276 5
5277 5
5278 5
5279 5
5280 5
5281 5
5282 5
5283 5
5284 5
5285 5
5286 5
5287 5
5288 5
5289 5
5290 5
5291 5
5294 5
5295 5
5296 5
5297 5
5298 5
5299 5
5300 5
5303 5
5304 5
5305 5
5306 5
5307 5
5308 5
5310 5
5311 5
5312 5
5313 5
5314 5
5315 5
5316 5
5317 5
5319 5
5320 5
5321 5
5323 5
5324 5
5325 5
5326 5
5327 5
5328 5
5329 5
5330 5
5331 5
5332 5
5333 5
5334 5
5335 5
5336 5
5337 5
5338 5
5339 5
5340 5
5341 5
5342 5
5343 5
5344 5
5345 5
5346 5
5347 5
5348 5
5349 5
5350 5
5351 5
5353 5
5354 5
5355 5
5356 5
5357 5
5358 5
5359 5
5361 5
5362 5
5363 5
5364 5
5365 5
5366 5
5367 5
5368 5
5369 5
5370 5
5371 5
5372 5
5373 5
5374 5
5375 5
5376 5
5377 5
5378 5
5379 5
5380 5
5381 5
5382 5
5383 5
5384 5
5385 5
5386 5
5387 5
5388 5
5389 5
5390 5
5391 5
5392 5
5393 5
5394 5
5395 5
5396 5
5397 5
5398 5
5399 5
5400 5
5401 5
5402 5
5403 5
5404 5
5405 5
5406 5
5407 5
5408 5
5409 5
5410 5
5411 5
5412 5
5413 5
5414 5
5415 5
5416 5
5418 5
5419 5
5420 5
5421 5
5422 5
5423 5
5424 5
5427 5
5428 5
5429 5
5430 5
5431 5
5432 5
5433 5
5434 5
5435 5
5436 5
5437 5
5438 5
5439 5
5440 5
5441 5
5442 5
5443 5
5444 5
5445 5
5446 5
5447 5
5448 5
5449 5
5450 5
5451 5
5452 5
5453 5
5454 5
5455 5
5456 5
5457 5
5458 5
5459 5
5460 5
5461 5
5462 5
5463 5
5464 5
5465 5
5466 5
5467 5
5468 5
5469 5
5470 5
5471 5
5472 5
5473 5
5474 5
5475 5
5476 5
5477 5
5478 5
5479 5
5480 5
5481 5
5482 5
5483 5
5484 5
5485 5
5486 5
5487 5
5488 5
5489 5
5490 5
5491 5
5492 5
5493 5
5494 5
5495 5
5496 5
5497 5
5498 5
5499 5
5500 5
5501 5
5502 5
5503 5
5504 5
5505 5
5506 5
5507 5
5508 5
5509 5
5510 5
5511 5
5512 5
5513 5
5514 5
5515 5
5516 5
5517 5
5518 5
5519 5
5520 5
5521 5
5522 5
5523 5
5524 5
5525 5
5526 5
5527 5
5528 5
5529 5
5530 5
5531 5
5532 5
5533 5
5534 5
5535 5
5536 5
5537 5
5539 5
5540 5
5541 5
5542 5
5543 5
5544 5
5545 5
5546 5
5547 5
5548 5
5549 5
5550 5
5551 5
5552 5
5553 5
5554 5
5555 5
5556 5
5557 5
5558 5
5559 5
5560 5
5561 5
5562 5
5563 5
5564 5
5565 5
5566 5
5567 5
5568 5
5569 5
5570 5
5571 5
5572 5
5573 5
5574 5
5575 5
5576 5
5577 5
5578 5
5579 5
5580 5
5581 5
5582 5
5583 5
5584 5
5585 5
5586 5
5587 5
5588 5
5589 5
5590 5
5591 5
5592 5
5593 5
5596 5
5597 5
5598 5
5599 5
5600 5
5601 5
5602 5
5603 5
5604 5
5605 5
5606 5
5607 5
5608 5
5609 5
5610 5
5611 5
5612 5
5613 5
5614 5
5615 5
5616 5
5617 5
5618 5
5619 5
5621 5
5622 5
5623 5
5624 5
5625 5
5626 5
5627 5
5628 5
5629 5
5630 5
5631 5
5632 5
5633 5
5634 5
5635 5
5636 5
5637 5
5638 5
5639 5
5640 5
5641 5
5642 5
5643 5
5644 5
5645 5
5646 5
5647 5
5648 5
5649 5
5650 5
5651 5
5652 5
5653 5
5655 5
5656 5
5658 5
5659 5
5660 5
5661 5
5662 5
5665 5
5666 5
5667 5
5668 5
5669 5
5670 5
5671 5
5672 5
5673 5
5674 5
5675 5
5676 5
5677 5
5678 5
5679 5
5680 5
5681 5
5682 5
5683 5
5684 5
5685 5
5686 5
5687 5
5688 5
5689 5
5690 5
5691 5
5692 5
5693 5
5694 5
5695 5
5696 5
5697 5
5698 5
5699 5
5700 5
5701 5
5702 5
5703 5
5704 5
5705 5
5706 5
5707 5
5708 5
5709 5
5710 5
5711 5
5712 5
5713 5
5714 5
5715 5
5716 5
5717 5
5718 5
5719 5
5720 5
5721 5
5722 5
5723 5
5724 5
5725 5
5726 5
5727 5
5728 5
5729 5
5730 5
5731 5
5732 5
5733 5
5734 5
5735 5
5736 5
5737 5
5738 5
5739 5
5740 5
5741 5
5742 5
5743 5
5744 5
5745 5
5746 5
5747 5
5748 5
5749 5
5750 5
5751 5
5752 5
5753 5
5754 5
5755 5
5756 5
5757 5
5758 5
5759 5
5760 5
5761 5
5762 5
5763 5
5764 5
5765 5
5766 5
5767 5
5768 5
5769 5
5770 5
5771 5
5772 5
5773 5
5774 5
5775 5
5776 5
5779 5
5780 5
5781 5
5782 5
5783 5
5784 5
5785 5
5786 5
5787 5
5788 5
5789 5
5790 5
5791 5
5792 5
5793 5
5794 5
5795 5
5796 5
5797 5
5798 5
5799 5
5800 5
5801 5
5802 5
5803 5
5804 5
5805 5
5806 5
5807 5
5808 5
5809 5
5810 5
5811 5
5812 5
5813 5
5814 5
5815 5
5816 5
5817 5
5818 5
5819 5
5820 5
5821 5
5822 5
5823 5
5824 5
5825 5
5826 5
5827 5
5828 5
5829 5
5830 5
5831 5
5832 5
5833 5
5834 5
5835 5
5836 5
5837 5
5838 5
5839 5
5840 5
5841 5
5842 5
5843 5
5844 5
5845 5
5846 5
5847 5
5848 5
5849 5
5850 5
5851 5
5852 5
5853 5
5854 5
5856 5
5857 5
5858 5
