1 266.0 246.0 508.0 410.0
2 142.0 105.0 156.0 102.0
3 30.0 79.0 401.0 375.0
4 112.0 71.0 865.0 950.0
5 112.0 144.0 245.0 226.0
6 180.0 106.0 167.0 167.0
7 299.0 387.0 442.0 288.0
8 149.0 167.0 233.0 277.0
9 157.0 3.0 641.0 748.0
10 46.0 196.0 207.0 132.0
11 58.0 87.0 894.0 658.0
12 262.0 270.0 421.0 315.0
13 52.0 27.0 363.0 442.0
14 169.0 81.0 132.0 158.0
15 119.0 126.0 227.0 225.0
16 23.0 302.0 881.0 429.0
17 125.0 172.0 634.0 445.0
18 107.0 95.0 181.0 175.0
19 239.0 263.0 394.0 248.0
20 188.0 132.0 548.0 563.0
21 242.0 24.0 187.0 269.0
22 181.0 193.0 128.0 147.0
23 168.0 98.0 139.0 202.0
24 116.0 93.0 810.0 526.0
25 17.0 177.0 697.0 736.0
26 96.0 56.0 251.0 324.0
27 190.0 166.0 274.0 172.0
28 224.0 99.0 621.0 433.0
29 123.0 71.0 304.0 202.0
30 209.0 413.0 263.0 432.0
31 296.0 420.0 283.0 287.0
32 88.0 42.0 886.0 601.0
33 150.0 179.0 95.0 114.0
34 50.0 45.0 397.0 314.0
35 58.0 84.0 191.0 313.0
36 151.0 104.0 861.0 661.0
37 150.0 120.0 184.0 199.0
38 157.0 169.0 223.0 104.0
39 325.0 335.0 422.0 459.0
40 349.0 205.0 325.0 275.0
41 121.0 93.0 350.0 277.0
42 144.0 171.0 704.0 507.0
43 51.0 11.0 387.0 369.0
44 103.0 95.0 221.0 182.0
45 14.0 12.0 339.0 265.0
46 389.0 3.0 439.0 570.0
47 197.0 113.0 110.0 133.0
48 27.0 433.0 579.0 496.0
49 87.0 189.0 509.0 562.0
50 185.0 102.0 476.0 567.0
51 123.0 141.0 712.0 700.0
52 250.0 82.0 116.0 89.0
53 167.0 107.0 227.0 219.0
54 343.0 229.0 362.0 276.0
55 179.0 161.0 92.0 114.0
56 73.0 63.0 201.0 138.0
57 134.0 154.0 261.0 178.0
58 203.0 63.0 536.0 470.0
59 239.0 438.0 161.0 259.0
60 172.0 95.0 172.0 141.0
61 162.0 152.0 139.0 178.0
62 403.0 169.0 255.0 181.0
63 72.0 18.0 443.0 730.0
64 157.0 183.0 154.0 122.0
65 47.0 66.0 531.0 655.0
66 17.0 73.0 452.0 403.0
67 76.0 202.0 314.0 216.0
68 138.0 57.0 711.0 581.0
69 148.0 83.0 222.0 301.0
70 349.0 132.0 627.0 613.0
71 87.0 76.0 241.0 386.0
72 409.0 177.0 558.0 369.0
73 111.0 108.0 570.0 624.0
74 136.0 160.0 462.0 606.0
75 155.0 254.0 413.0 432.0
76 77.0 26.0 609.0 519.0
77 83.0 143.0 259.0 201.0
78 206.0 83.0 161.0 137.0
79 145.0 92.0 216.0 218.0
80 167.0 140.0 169.0 121.0
81 302.0 205.0 339.0 211.0
82 265.0 390.0 271.0 325.0
83 9.0 43.0 462.0 494.0
84 191.0 66.0 440.0 464.0
85 213.0 77.0 202.0 192.0
86 116.0 82.0 588.0 510.0
87 52.0 210.0 644.0 599.0
88 168.0 325.0 440.0 357.0
89 282.0 89.0 298.0 412.0
90 70.0 162.0 222.0 160.0
91 426.0 220.0 277.0 392.0
92 344.0 190.0 401.0 617.0
93 227.0 275.0 465.0 595.0
94 348.0 187.0 451.0 496.0
95 18.0 70.0 372.0 267.0
96 445.0 280.0 195.0 130.0
97 106.0 41.0 289.0 195.0
98 214.0 68.0 597.0 650.0
99 89.0 57.0 589.0 640.0
100 203.0 154.0 621.0 480.0
101 251.0 166.0 105.0 157.0
102 374.0 252.0 303.0 257.0
103 37.0 94.0 132.0 109.0
104 230.0 126.0 74.0 109.0
105 335.0 316.0 355.0 414.0
106 179.0 81.0 216.0 229.0
107 349.0 349.0 154.0 181.0
108 116.0 58.0 423.0 663.0
109 125.0 54.0 151.0 275.0
110 61.0 401.0 611.0 544.0
111 216.0 48.0 279.0 261.0
112 85.0 69.0 328.0 215.0
113 413.0 217.0 294.0 219.0
114 108.0 84.0 284.0 175.0
115 246.0 256.0 513.0 250.0
116 202.0 165.0 735.0 330.0
117 127.0 136.0 612.0 450.0
118 139.0 61.0 239.0 229.0
119 163.0 151.0 186.0 129.0
120 273.0 40.0 529.0 604.0
121 156.0 161.0 635.0 496.0
122 270.0 71.0 156.0 152.0
123 195.0 130.0 663.0 450.0
124 200.0 357.0 273.0 285.0
125 396.0 276.0 230.0 151.0
126 92.0 86.0 239.0 171.0
127 132.0 78.0 230.0 271.0
128 53.0 95.0 932.0 612.0
129 89.0 93.0 208.0 218.0
130 76.0 52.0 198.0 152.0
131 243.0 213.0 500.0 264.0
132 312.0 106.0 384.0 533.0
133 341.0 157.0 317.0 346.0
134 138.0 86.0 176.0 164.0
135 133.0 107.0 268.0 325.0
136 133.0 106.0 244.0 149.0
137 283.0 234.0 354.0 358.0
138 95.0 350.0 436.0 533.0
139 58.0 158.0 622.0 765.0
140 86.0 184.0 219.0 272.0
141 248.0 144.0 469.0 472.0
142 161.0 34.0 229.0 210.0
143 22.0 102.0 445.0 230.0
144 138.0 123.0 862.0 524.0
145 208.0 125.0 190.0 172.0
146 247.0 102.0 362.0 407.0
147 113.0 58.0 244.0 216.0
148 220.0 384.0 676.0 502.0
149 182.0 166.0 127.0 125.0
150 120.0 69.0 249.0 238.0
151 211.0 414.0 327.0 463.0
152 245.0 314.0 472.0 226.0
153 131.0 44.0 256.0 405.0
154 17.0 98.0 118.0 155.0
155 106.0 189.0 217.0 247.0
156 155.0 161.0 477.0 490.0
157 147.0 52.0 189.0 391.0
158 121.0 212.0 89.0 71.0
159 70.0 192.0 183.0 95.0
160 69.0 118.0 219.0 255.0
161 164.0 102.0 180.0 209.0
162 138.0 157.0 189.0 229.0
163 29.0 189.0 697.0 810.0
164 176.0 111.0 151.0 135.0
165 33.0 90.0 988.0 657.0
166 256.0 178.0 273.0 313.0
167 124.0 330.0 515.0 498.0
168 78.0 43.0 323.0 277.0
169 431.0 269.0 241.0 185.0
170 209.0 36.0 556.0 517.0
171 208.0 160.0 557.0 444.0
172 92.0 49.0 758.0 631.0
173 267.0 277.0 494.0 480.0
174 239.0 447.0 277.0 236.0
175 254.0 201.0 403.0 445.0
176 212.0 204.0 499.0 596.0
177 219.0 518.0 258.0 221.0
178 175.0 105.0 124.0 116.0
179 89.0 160.0 226.0 182.0
180 172.0 110.0 848.0 491.0
181 3.0 128.0 610.0 469.0
182 220.0 375.0 453.0 475.0
183 3.0 105.0 835.0 507.0
184 316.0 279.0 377.0 520.0
185 124.0 130.0 148.0 222.0
186 110.0 256.0 554.0 523.0
187 102.0 51.0 303.0 329.0
188 71.0 198.0 932.0 701.0
189 376.0 274.0 183.0 249.0
190 48.0 130.0 125.0 75.0
191 74.0 3.0 893.0 782.0
192 120.0 206.0 83.0 77.0
193 177.0 51.0 186.0 192.0
194 303.0 144.0 423.0 290.0
195 31.0 180.0 498.0 677.0
196 231.0 296.0 284.0 504.0
197 107.0 31.0 143.0 243.0
198 351.0 106.0 477.0 546.0
199 144.0 49.0 313.0 311.0
200 260.0 168.0 170.0 125.0
201 178.0 16.0 723.0 602.0
202 114.0 52.0 382.0 273.0
203 103.0 114.0 263.0 271.0
204 471.0 331.0 220.0 160.0
205 180.0 74.0 175.0 229.0
206 3.0 94.0 251.0 307.0
207 63.0 26.0 813.0 633.0
208 146.0 104.0 297.0 482.0
209 154.0 30.0 251.0 230.0
210 145.0 182.0 205.0 96.0
211 195.0 314.0 488.0 642.0
212 240.0 68.0 535.0 553.0
213 710.0 599.0 169.0 112.0
214 170.0 130.0 152.0 91.0
215 84.0 128.0 307.0 129.0
216 164.0 378.0 131.0 150.0
217 236.0 385.0 301.0 362.0
218 372.0 196.0 282.0 361.0
219 151.0 295.0 269.0 315.0
220 114.0 69.0 221.0 196.0
221 227.0 466.0 307.0 314.0
222 105.0 116.0 205.0 262.0
223 120.0 180.0 190.0 143.0
224 125.0 178.0 153.0 149.0
225 3.0 86.0 275.0 201.0
226 178.0 320.0 529.0 516.0
227 50.0 262.0 311.0 276.0
228 75.0 127.0 412.0 573.0
229 121.0 257.0 108.0 104.0
230 100.0 39.0 340.0 351.0
231 32.0 191.0 715.0 534.0
232 413.0 238.0 174.0 203.0
233 333.0 341.0 172.0 392.0
234 42.0 54.0 922.0 585.0
235 92.0 183.0 285.0 262.0
236 296.0 171.0 503.0 379.0
237 252.0 102.0 392.0 274.0
238 51.0 134.0 694.0 692.0
239 160.0 37.0 227.0 284.0
240 57.0 37.0 704.0 674.0
241 82.0 134.0 193.0 211.0
242 104.0 186.0 230.0 166.0
243 177.0 303.0 529.0 445.0
244 190.0 192.0 655.0 562.0
245 217.0 50.0 266.0 236.0
246 378.0 208.0 229.0 234.0
247 139.0 140.0 185.0 149.0
248 344.0 469.0 187.0 140.0
249 67.0 186.0 157.0 149.0
250 123.0 145.0 164.0 130.0
251 291.0 202.0 445.0 296.0
252 479.0 3.0 198.0 220.0
253 193.0 115.0 143.0 143.0
254 163.0 100.0 293.0 272.0
255 323.0 56.0 491.0 511.0
256 19.0 58.0 963.0 658.0
257 85.0 108.0 319.0 235.0
258 174.0 246.0 479.0 494.0
259 107.0 66.0 352.0 255.0
260 66.0 30.0 369.0 271.0
261 289.0 223.0 441.0 330.0
262 165.0 3.0 474.0 394.0
263 134.0 183.0 673.0 445.0
264 155.0 21.0 257.0 351.0
265 229.0 50.0 634.0 603.0
266 43.0 92.0 698.0 795.0
267 96.0 221.0 426.0 348.0
268 99.0 37.0 287.0 270.0
269 353.0 166.0 356.0 412.0
270 60.0 191.0 909.0 703.0
271 39.0 154.0 295.0 140.0
272 196.0 168.0 487.0 396.0
273 384.0 369.0 453.0 546.0
274 155.0 103.0 268.0 166.0
275 142.0 84.0 180.0 226.0
276 47.0 502.0 610.0 461.0
277 103.0 87.0 268.0 172.0
278 215.0 289.0 315.0 342.0
279 135.0 96.0 552.0 813.0
280 145.0 211.0 491.0 364.0
281 170.0 241.0 567.0 357.0
282 323.0 69.0 428.0 571.0
283 179.0 104.0 208.0 197.0
284 219.0 145.0 155.0 143.0
285 96.0 105.0 203.0 155.0
286 480.0 201.0 412.0 348.0
287 96.0 273.0 385.0 423.0
288 102.0 135.0 180.0 185.0
289 80.0 197.0 169.0 99.0
290 575.0 249.0 175.0 170.0
291 226.0 252.0 572.0 317.0
292 201.0 96.0 641.0 884.0
293 153.0 60.0 762.0 814.0
294 567.0 431.0 406.0 261.0
295 343.0 438.0 445.0 422.0
296 343.0 230.0 489.0 293.0
297 38.0 73.0 465.0 338.0
298 23.0 197.0 234.0 177.0
299 167.0 81.0 180.0 193.0
300 3.0 71.0 1012.0 512.0
301 97.0 157.0 178.0 211.0
302 387.0 257.0 201.0 246.0
303 136.0 102.0 222.0 187.0
304 110.0 128.0 188.0 254.0
305 151.0 131.0 125.0 173.0
306 149.0 149.0 221.0 91.0
307 201.0 120.0 126.0 222.0
308 279.0 282.0 245.0 118.0
309 113.0 138.0 134.0 141.0
310 166.0 100.0 162.0 168.0
311 200.0 227.0 610.0 299.0
312 3.0 55.0 785.0 816.0
313 95.0 47.0 243.0 224.0
314 178.0 103.0 198.0 155.0
315 82.0 254.0 587.0 418.0
316 162.0 125.0 436.0 322.0
317 66.0 54.0 334.0 267.0
318 109.0 63.0 278.0 203.0
319 198.0 127.0 124.0 75.0
320 223.0 163.0 366.0 337.0
321 109.0 130.0 506.0 460.0
322 120.0 195.0 558.0 384.0
323 216.0 122.0 518.0 815.0
324 248.0 466.0 203.0 205.0
325 99.0 120.0 387.0 472.0
326 122.0 166.0 236.0 289.0
327 43.0 132.0 233.0 237.0
328 153.0 78.0 210.0 268.0
329 253.0 142.0 487.0 424.0
330 20.0 84.0 384.0 159.0
331 282.0 168.0 613.0 406.0
332 518.0 232.0 283.0 309.0
333 184.0 82.0 169.0 225.0
334 363.0 235.0 247.0 289.0
335 136.0 198.0 366.0 637.0
336 92.0 196.0 192.0 146.0
337 107.0 78.0 351.0 231.0
338 133.0 69.0 174.0 246.0
339 3.0 16.0 915.0 766.0
340 275.0 130.0 362.0 578.0
341 167.0 45.0 790.0 943.0
342 225.0 168.0 448.0 356.0
343 239.0 177.0 424.0 267.0
344 119.0 114.0 150.0 234.0
345 84.0 176.0 208.0 218.0
346 252.0 314.0 299.0 399.0
347 243.0 330.0 180.0 237.0
348 121.0 213.0 157.0 129.0
349 227.0 333.0 344.0 252.0
350 165.0 48.0 645.0 557.0
351 135.0 101.0 183.0 131.0
352 65.0 41.0 888.0 565.0
353 308.0 246.0 358.0 416.0
354 168.0 90.0 776.0 430.0
355 225.0 236.0 263.0 197.0
356 19.0 88.0 302.0 245.0
357 268.0 47.0 505.0 532.0
358 23.0 86.0 929.0 579.0
359 122.0 166.0 156.0 125.0
360 95.0 301.0 578.0 720.0
361 85.0 51.0 294.0 219.0
362 60.0 125.0 928.0 584.0
363 90.0 89.0 655.0 704.0
364 209.0 84.0 246.0 123.0
365 375.0 197.0 334.0 278.0
366 133.0 94.0 773.0 586.0
367 351.0 59.0 338.0 535.0
368 110.0 336.0 345.0 245.0
369 154.0 108.0 158.0 217.0
370 236.0 110.0 663.0 429.0
371 148.0 391.0 168.0 226.0
372 71.0 118.0 205.0 204.0
373 367.0 333.0 184.0 171.0
374 220.0 485.0 320.0 223.0
375 183.0 201.0 696.0 388.0
376 165.0 122.0 133.0 143.0
377 3.0 104.0 455.0 260.0
378 16.0 68.0 452.0 340.0
379 291.0 272.0 335.0 363.0
380 171.0 73.0 610.0 676.0
381 119.0 109.0 231.0 171.0
382 153.0 113.0 868.0 556.0
383 94.0 168.0 594.0 520.0
384 174.0 63.0 710.0 553.0
385 59.0 180.0 240.0 173.0
386 455.0 129.0 351.0 297.0
387 193.0 189.0 93.0 131.0
388 3.0 102.0 105.0 140.0
389 184.0 140.0 453.0 353.0
390 3.0 155.0 515.0 636.0
391 105.0 62.0 284.0 230.0
392 101.0 382.0 297.0 153.0
393 54.0 171.0 259.0 192.0
394 120.0 124.0 177.0 219.0
395 155.0 70.0 177.0 212.0
396 123.0 56.0 269.0 197.0
397 206.0 224.0 561.0 410.0
398 73.0 117.0 241.0 241.0
399 114.0 28.0 613.0 582.0
400 395.0 262.0 291.0 151.0
401 348.0 191.0 186.0 461.0
402 210.0 204.0 414.0 458.0
403 143.0 186.0 144.0 121.0
404 282.0 78.0 151.0 166.0
405 275.0 237.0 542.0 304.0
406 88.0 88.0 239.0 309.0
407 44.0 34.0 420.0 315.0
408 79.0 161.0 133.0 115.0
409 114.0 93.0 274.0 197.0
410 57.0 276.0 122.0 131.0
411 133.0 201.0 299.0 296.0
412 103.0 304.0 394.0 483.0
413 95.0 3.0 201.0 369.0
414 111.0 125.0 246.0 172.0
415 73.0 66.0 351.0 230.0
416 222.0 91.0 515.0 470.0
417 183.0 325.0 564.0 554.0
418 138.0 46.0 229.0 203.0
419 147.0 36.0 154.0 183.0
420 75.0 80.0 246.0 217.0
421 165.0 71.0 217.0 255.0
422 268.0 208.0 440.0 284.0
423 130.0 114.0 719.0 560.0
424 188.0 175.0 407.0 415.0
425 382.0 3.0 377.0 503.0
426 200.0 160.0 114.0 135.0
427 77.0 145.0 369.0 165.0
428 116.0 167.0 220.0 191.0
429 107.0 200.0 866.0 452.0
430 301.0 228.0 341.0 360.0
431 48.0 134.0 249.0 266.0
432 229.0 211.0 639.0 539.0
433 161.0 103.0 79.0 123.0
434 270.0 280.0 237.0 163.0
435 58.0 115.0 562.0 559.0
436 226.0 40.0 532.0 668.0
437 70.0 209.0 442.0 561.0
438 97.0 57.0 339.0 325.0
439 210.0 114.0 183.0 105.0
440 8.0 120.0 424.0 311.0
441 193.0 90.0 169.0 250.0
442 481.0 298.0 158.0 204.0
443 242.0 106.0 566.0 407.0
444 133.0 95.0 198.0 212.0
445 136.0 86.0 266.0 258.0
446 186.0 79.0 205.0 226.0
447 224.0 211.0 123.0 141.0
448 403.0 224.0 237.0 238.0
449 206.0 107.0 137.0 113.0
450 201.0 69.0 727.0 846.0
451 264.0 138.0 318.0 284.0
452 476.0 219.0 200.0 157.0
453 45.0 181.0 205.0 197.0
454 193.0 65.0 144.0 168.0
455 23.0 42.0 356.0 428.0
456 230.0 261.0 361.0 263.0
457 112.0 110.0 228.0 238.0
458 278.0 128.0 362.0 407.0
459 151.0 290.0 369.0 255.0
460 69.0 35.0 750.0 628.0
461 155.0 187.0 123.0 171.0
462 69.0 319.0 622.0 448.0
463 390.0 437.0 191.0 177.0
464 72.0 118.0 278.0 201.0
465 218.0 208.0 180.0 133.0
466 343.0 309.0 522.0 358.0
467 289.0 130.0 414.0 402.0
468 67.0 103.0 270.0 346.0
469 126.0 151.0 106.0 97.0
470 327.0 307.0 206.0 277.0
471 69.0 390.0 382.0 362.0
472 266.0 187.0 514.0 294.0
473 336.0 38.0 192.0 154.0
474 248.0 141.0 551.0 411.0
475 202.0 227.0 161.0 174.0
476 184.0 110.0 156.0 200.0
477 136.0 118.0 219.0 136.0
478 49.0 23.0 307.0 347.0
479 8.0 92.0 476.0 234.0
480 205.0 322.0 238.0 233.0
481 167.0 108.0 171.0 82.0
482 12.0 6.0 1009.0 584.0
483 149.0 316.0 502.0 353.0
484 119.0 91.0 233.0 211.0
485 3.0 177.0 1013.0 588.0
486 186.0 147.0 385.0 293.0
487 203.0 108.0 402.0 519.0
488 177.0 94.0 165.0 118.0
489 224.0 200.0 421.0 409.0
490 261.0 357.0 483.0 286.0
491 176.0 145.0 419.0 405.0
492 469.0 303.0 197.0 117.0
493 160.0 303.0 302.0 425.0
494 159.0 330.0 225.0 215.0
495 186.0 80.0 676.0 550.0
496 114.0 30.0 251.0 276.0
497 40.0 69.0 398.0 296.0
498 240.0 148.0 680.0 763.0
499 89.0 65.0 183.0 179.0
500 290.0 389.0 407.0 491.0
501 84.0 56.0 257.0 216.0
502 143.0 101.0 289.0 157.0
503 224.0 174.0 450.0 316.0
504 481.0 93.0 179.0 153.0
505 276.0 61.0 540.0 520.0
506 61.0 19.0 310.0 264.0
507 166.0 40.0 579.0 704.0
508 73.0 146.0 110.0 130.0
509 45.0 483.0 322.0 448.0
510 99.0 94.0 195.0 149.0
511 117.0 35.0 197.0 281.0
512 95.0 25.0 317.0 308.0
513 260.0 26.0 136.0 178.0
514 3.0 135.0 940.0 624.0
515 239.0 142.0 105.0 80.0
516 236.0 130.0 398.0 494.0
517 213.0 513.0 316.0 268.0
518 524.0 235.0 218.0 179.0
519 192.0 48.0 179.0 153.0
520 167.0 151.0 168.0 135.0
521 231.0 426.0 337.0 253.0
522 140.0 102.0 147.0 92.0
523 32.0 156.0 354.0 252.0
524 95.0 60.0 319.0 341.0
525 140.0 99.0 190.0 197.0
526 234.0 262.0 551.0 511.0
527 166.0 78.0 633.0 617.0
528 50.0 25.0 388.0 334.0
529 171.0 24.0 244.0 233.0
530 245.0 64.0 490.0 653.0
531 299.0 86.0 145.0 130.0
532 202.0 143.0 446.0 556.0
533 262.0 214.0 438.0 413.0
534 129.0 155.0 133.0 141.0
535 108.0 12.0 380.0 429.0
536 236.0 464.0 314.0 265.0
537 266.0 353.0 393.0 321.0
538 234.0 189.0 650.0 449.0
539 73.0 123.0 260.0 196.0
540 231.0 186.0 567.0 511.0
541 60.0 51.0 347.0 200.0
542 141.0 77.0 516.0 601.0
543 360.0 98.0 384.0 563.0
544 340.0 78.0 320.0 490.0
545 80.0 79.0 261.0 202.0
546 56.0 292.0 435.0 311.0
547 139.0 188.0 456.0 528.0
548 38.0 248.0 111.0 96.0
549 126.0 73.0 705.0 665.0
550 99.0 163.0 840.0 563.0
551 150.0 162.0 121.0 131.0
552 221.0 226.0 306.0 373.0
553 78.0 163.0 287.0 285.0
554 171.0 66.0 255.0 210.0
555 145.0 107.0 292.0 230.0
556 81.0 78.0 238.0 263.0
557 432.0 256.0 199.0 249.0
558 156.0 79.0 256.0 193.0
559 221.0 346.0 705.0 329.0
560 67.0 74.0 258.0 204.0
561 136.0 38.0 212.0 238.0
562 163.0 137.0 149.0 86.0
563 307.0 324.0 393.0 310.0
564 93.0 177.0 112.0 159.0
565 53.0 71.0 306.0 307.0
566 136.0 180.0 80.0 101.0
567 233.0 280.0 520.0 289.0
568 98.0 121.0 291.0 162.0
569 222.0 243.0 409.0 370.0
570 3.0 194.0 762.0 622.0
571 545.0 105.0 409.0 373.0
572 154.0 168.0 666.0 397.0
573 55.0 89.0 388.0 224.0
574 218.0 392.0 179.0 191.0
575 113.0 64.0 173.0 158.0
576 443.0 448.0 534.0 366.0
577 462.0 228.0 192.0 342.0
578 64.0 109.0 310.0 321.0
579 71.0 3.0 276.0 287.0
580 191.0 92.0 631.0 494.0
581 49.0 113.0 234.0 193.0
582 76.0 143.0 221.0 185.0
583 152.0 47.0 443.0 584.0
584 250.0 345.0 491.0 316.0
585 154.0 114.0 108.0 75.0
586 82.0 24.0 754.0 706.0
587 188.0 266.0 464.0 313.0
588 124.0 84.0 346.0 228.0
589 78.0 111.0 884.0 587.0
590 132.0 109.0 253.0 194.0
591 270.0 260.0 383.0 332.0
592 401.0 221.0 289.0 268.0
593 284.0 471.0 365.0 314.0
594 210.0 94.0 757.0 450.0
595 224.0 175.0 716.0 730.0
596 14.0 99.0 418.0 250.0
597 80.0 21.0 306.0 260.0
598 419.0 155.0 413.0 321.0
599 203.0 334.0 390.0 446.0
600 55.0 102.0 236.0 305.0
601 85.0 54.0 247.0 223.0
602 249.0 274.0 464.0 490.0
603 28.0 19.0 391.0 287.0
604 303.0 151.0 165.0 181.0
605 157.0 262.0 514.0 640.0
606 153.0 94.0 593.0 422.0
607 195.0 104.0 113.0 127.0
608 259.0 169.0 239.0 260.0
609 366.0 321.0 282.0 428.0
610 99.0 205.0 203.0 279.0
611 222.0 121.0 103.0 111.0
612 327.0 488.0 365.0 418.0
613 404.0 341.0 239.0 263.0
614 95.0 24.0 300.0 249.0
615 204.0 128.0 170.0 260.0
616 127.0 107.0 238.0 139.0
617 107.0 167.0 123.0 139.0
618 400.0 213.0 321.0 355.0
619 124.0 212.0 487.0 574.0
620 154.0 97.0 153.0 137.0
621 101.0 154.0 226.0 213.0
622 180.0 108.0 118.0 160.0
623 77.0 169.0 154.0 134.0
624 94.0 271.0 369.0 451.0
625 334.0 142.0 383.0 419.0
626 362.0 166.0 312.0 413.0
627 285.0 554.0 601.0 363.0
628 250.0 242.0 453.0 338.0
629 58.0 110.0 251.0 279.0
630 101.0 64.0 289.0 221.0
631 262.0 130.0 382.0 477.0
632 323.0 70.0 479.0 453.0
633 164.0 67.0 268.0 317.0
634 153.0 106.0 220.0 159.0
635 219.0 248.0 366.0 223.0
636 108.0 81.0 116.0 183.0
637 136.0 163.0 225.0 177.0
638 70.0 35.0 908.0 715.0
639 223.0 138.0 161.0 105.0
640 150.0 221.0 730.0 393.0
641 50.0 88.0 284.0 370.0
642 112.0 223.0 110.0 162.0
643 172.0 78.0 174.0 151.0
644 147.0 221.0 167.0 97.0
645 113.0 107.0 680.0 713.0
646 343.0 236.0 214.0 124.0
647 362.0 222.0 252.0 288.0
648 364.0 184.0 262.0 276.0
649 232.0 163.0 511.0 500.0
650 40.0 50.0 803.0 633.0
651 40.0 94.0 612.0 537.0
652 87.0 133.0 115.0 98.0
653 235.0 118.0 388.0 422.0
654 80.0 185.0 295.0 202.0
655 152.0 169.0 200.0 147.0
656 3.0 5.0 490.0 461.0
657 145.0 89.0 167.0 105.0
658 34.0 48.0 408.0 250.0
659 63.0 49.0 245.0 180.0
660 215.0 146.0 111.0 110.0
661 3.0 222.0 594.0 570.0
662 152.0 90.0 191.0 172.0
663 90.0 8.0 301.0 310.0
664 115.0 70.0 314.0 291.0
665 53.0 8.0 887.0 883.0
666 160.0 361.0 277.0 234.0
667 141.0 286.0 495.0 254.0
668 293.0 129.0 350.0 371.0
669 193.0 87.0 543.0 339.0
670 351.0 107.0 352.0 578.0
671 121.0 46.0 873.0 551.0
672 136.0 92.0 328.0 335.0
673 131.0 185.0 392.0 224.0
674 369.0 191.0 361.0 340.0
675 74.0 128.0 328.0 138.0
676 32.0 71.0 346.0 230.0
677 174.0 19.0 235.0 340.0
678 164.0 107.0 725.0 573.0
679 353.0 3.0 668.0 658.0
680 96.0 125.0 279.0 238.0
681 293.0 188.0 454.0 268.0
682 330.0 89.0 309.0 515.0
683 120.0 68.0 237.0 150.0
684 151.0 39.0 150.0 254.0
685 42.0 197.0 751.0 397.0
686 115.0 193.0 744.0 586.0
687 113.0 140.0 162.0 131.0
688 23.0 71.0 364.0 265.0
689 120.0 79.0 165.0 268.0
690 166.0 18.0 208.0 305.0
691 86.0 32.0 358.0 363.0
692 287.0 168.0 591.0 330.0
693 374.0 185.0 111.0 155.0
694 235.0 63.0 130.0 209.0
695 296.0 183.0 588.0 555.0
696 439.0 207.0 229.0 295.0
697 356.0 237.0 379.0 300.0
698 116.0 121.0 269.0 136.0
699 219.0 167.0 369.0 367.0
700 97.0 80.0 270.0 279.0
701 174.0 60.0 235.0 143.0
702 64.0 241.0 443.0 392.0
703 102.0 98.0 521.0 476.0
704 237.0 148.0 71.0 102.0
705 111.0 24.0 238.0 269.0
706 134.0 456.0 239.0 186.0
707 3.0 21.0 558.0 1000.0
708 89.0 41.0 340.0 304.0
709 263.0 165.0 504.0 374.0
710 114.0 187.0 575.0 692.0
711 126.0 75.0 145.0 211.0
712 484.0 267.0 81.0 79.0
713 125.0 46.0 301.0 299.0
714 128.0 338.0 819.0 510.0
715 214.0 197.0 72.0 73.0
716 117.0 100.0 144.0 169.0
717 344.0 305.0 296.0 223.0
718 122.0 124.0 183.0 163.0
719 99.0 112.0 271.0 144.0
720 159.0 82.0 223.0 232.0
721 326.0 357.0 404.0 623.0
722 130.0 156.0 775.0 598.0
723 68.0 134.0 774.0 492.0
724 445.0 182.0 233.0 163.0
725 225.0 289.0 262.0 271.0
726 159.0 12.0 197.0 232.0
