1 1024 1024
2 500 333
3 500 500
4 1024 1024
5 500 458
6 500 467
7 1024 1024
8 434 500
9 1024 768
10 375 500
11 1024 812
12 1024 708
13 500 500
14 375 500
15 500 500
16 961 961
17 1024 768
18 500 375
19 1024 768
20 1024 768
21 500 375
22 500 500
23 500 416
24 1024 768
25 815 1024
26 500 473
27 500 388
28 1024 683
29 500 333
30 768 1024
31 1024 768
32 1024 684
33 375 500
34 500 383
35 398 500
36 1024 768
37 500 500
38 500 419
39 1024 881
40 1024 683
41 500 466
42 1024 768
43 500 395
44 500 333
45 375 500
46 1024 576
47 500 333
48 768 1024
49 683 1024
50 1024 768
51 1024 1024
52 500 334
53 500 375
54 1024 682
55 500 349
56 500 333
57 500 466
58 1024 634
59 768 1024
60 500 336
61 500 497
62 1024 576
63 636 787
64 500 358
65 768 1024
66 600 600
67 492 500
68 1024 778
69 500 496
70 1024 946
71 500 500
72 1024 768
73 768 1024
74 698 1023
75 768 1024
76 791 602
77 500 458
78 500 333
79 500 500
80 500 353
81 1024 1009
82 781 1024
83 493 567
84 1024 634
85 500 372
86 800 800
87 768 1024
88 768 1024
89 1024 683
90 375 500
91 1024 854
92 1024 1001
93 961 1024
94 1024 767
95 500 375
96 1024 683
97 500 300
98 1024 788
99 785 1024
100 1024 768
101 467 500
102 1024 683
103 500 375
104 500 375
105 1011 1024
106 500 375
107 653 653
108 688 1024
109 500 375
110 837 1024
111 500 358
112 500 375
113 1024 708
114 500 375
115 1024 768
116 1024 1024
117 1000 1000
118 640 480
119 500 392
120 1024 768
121 1024 768
122 500 375
123 1024 768
124 768 1024
125 1024 683
126 500 375
127 500 500
128 1024 769
129 375 500
130 500 245
131 1024 768
132 1024 739
133 1024 768
134 500 331
135 500 500
136 500 360
137 1024 767
138 770 1024
139 683 1024
140 390 500
141 1024 763
142 500 333
143 500 339
144 1024 769
145 500 375
146 800 600
147 500 326
148 1012 1012
149 500 500
150 500 333
151 768 1024
152 901 883
153 500 500
154 334 500
155 342 500
156 1024 768
157 492 500
158 375 500
159 375 500
160 374 500
161 500 484
162 490 500
163 744 1024
164 500 333
165 1024 906
166 800 683
167 768 1024
168 500 333
169 1024 681
170 768 1024
171 1024 773
172 1024 683
173 1024 1024
174 768 1024
175 1024 768
176 1023 1024
177 768 1024
178 500 333
179 400 500
180 1024 684
181 768 1024
182 768 1024
183 1024 683
184 1024 1024
185 375 500
186 820 1024
187 488 500
188 1024 1024
189 1024 683
190 375 500
191 1024 1023
192 375 500
193 500 333
194 1024 683
195 768 1024
196 1024 1015
197 500 281
198 1024 768
199 500 400
200 500 410
201 1024 768
202 500 375
203 465 500
204 1024 678
205 500 375
206 375 500
207 1024 683
208 629 721
209 500 283
210 500 354
211 1023 1024
212 1024 683
213 1024 1024
214 500 331
215 500 389
216 768 1024
217 799 1024
218 1024 768
219 768 1024
220 500 378
221 759 1024
222 375 500
223 375 500
224 500 500
225 500 375
226 832 1024
227 1024 682
228 768 1024
229 375 500
230 500 498
231 1024 768
232 1024 740
233 768 1024
234 1024 754
235 485 500
236 1024 847
237 800 534
238 821 1024
239 500 375
240 1024 768
241 352 500
242 375 500
243 1024 768
244 989 1024
245 500 346
246 1024 768
247 500 500
248 1024 768
249 375 500
250 500 465
251 1024 741
252 1024 576
253 500 375
254 500 375
255 1024 768
256 1024 764
257 500 500
258 768 1024
259 499 500
260 500 333
261 1024 769
262 1024 473
263 1024 785
264 500 375
265 1024 768
266 768 1024
267 768 1024
268 500 333
269 1024 683
270 1024 1024
271 345 459
272 1024 683
273 1023 1024
274 500 333
275 500 368
276 768 1024
277 500 333
278 768 1024
279 826 1024
280 1024 700
281 828 829
282 1024 683
283 500 346
284 500 333
285 500 333
286 1024 576
287 768 1024
288 375 500
289 375 500
290 1024 768
291 1024 768
292 1024 1024
293 978 978
294 992 1024
295 977 1024
296 1024 658
297 631 488
298 331 500
299 500 375
300 1024 683
301 350 500
302 1024 781
303 500 375
304 375 500
305 375 500
306 500 401
307 475 476
308 833 624
309 375 500
310 500 366
311 1024 768
312 791 1024
313 500 375
314 500 375
315 768 1024
316 950 815
317 500 375
318 500 333
319 500 333
320 1024 1024
321 874 673
322 1024 1024
323 1019 1024
324 576 1024
325 533 800
326 487 500
327 375 500
328 500 373
329 1024 683
330 500 375
331 1024 757
332 1024 668
333 500 375
334 1024 747
335 768 1024
336 375 500
337 500 375
338 500 400
339 1024 795
340 1024 768
341 1024 1024
342 1024 683
343 859 611
344 333 500
345 375 500
346 768 1024
347 768 1024
348 500 500
349 768 1024
350 1024 683
351 500 375
352 1024 638
353 1024 768
354 1024 684
355 800 636
356 375 500
357 1024 768
358 1024 684
359 375 500
360 768 1024
361 500 375
362 1024 768
363 768 1024
364 500 268
365 1024 576
366 1024 768
367 1024 659
368 1024 768
369 375 500
370 1024 683
371 657 1024
372 375 500
373 1024 768
374 768 1024
375 1024 815
376 500 370
377 500 500
378 500 465
379 1024 768
380 1024 1024
381 500 361
382 1024 768
383 768 1024
384 1024 768
385 484 500
386 1024 576
387 470 500
388 500 333
389 1024 701
390 576 1024
391 500 333
392 682 1024
393 375 500
394 500 375
395 500 375
396 500 333
397 1024 787
398 411 500
399 1024 683
400 1024 683
401 839 937
402 1024 966
403 500 375
404 500 375
405 1024 768
406 422 500
407 500 416
408 375 500
409 500 375
410 243 500
411 600 511
412 772 1024
413 500 375
414 500 370
415 500 345
416 1024 682
417 1000 1000
418 500 281
419 500 281
420 500 375
421 500 411
422 1024 682
423 1024 768
424 1024 768
425 1024 768
426 500 500
427 500 416
428 375 500
429 1024 768
430 1013 849
431 375 500
432 1024 1023
433 500 375
434 1024 683
435 758 759
436 1024 768
437 674 1011
438 500 408
439 500 375
440 484 500
441 500 375
442 1024 768
443 1024 683
444 500 446
445 500 448
446 500 333
447 375 500
448 1024 682
449 500 333
450 1024 1024
451 939 1024
452 1024 818
453 375 500
454 500 287
455 399 500
456 1024 768
457 500 420
458 1024 768
459 694 694
460 1024 768
461 500 500
462 1024 1023
463 908 1024
464 500 375
465 500 398
466 993 1024
467 1024 726
468 473 500
469 375 500
470 1024 856
471 567 1009
472 1024 768
473 1024 768
474 1024 683
475 500 500
476 500 375
477 500 419
478 375 500
479 500 375
480 768 1024
481 500 333
482 1024 768
483 1024 886
484 500 375
485 1024 768
486 769 611
487 909 889
488 500 333
489 768 1024
490 1024 1024
491 1024 683
492 1024 680
493 768 1024
494 768 1024
495 1024 871
496 500 375
497 500 368
498 1024 1018
499 500 375
500 1024 1024
501 500 333
502 500 375
503 857 571
504 1024 578
505 1024 768
506 500 333
507 1024 855
508 375 500
509 768 1024
510 500 332
511 500 375
512 500 352
513 500 375
514 1024 866
515 500 334
516 1024 768
517 740 1024
518 1024 682
519 500 358
520 500 427
521 768 1024
522 500 281
523 405 500
524 480 500
525 427 427
526 1024 1024
527 1024 768
528 500 375
529 500 324
530 1024 720
531 500 333
532 1024 1024
533 1021 1024
534 375 500
535 492 500
536 758 1024
537 1024 981
538 1024 768
539 500 375
540 1024 840
541 500 311
542 800 800
543 1024 768
544 1024 683
545 500 375
546 576 1024
547 1024 1024
548 319 500
549 1024 768
550 1024 768
551 500 500
552 768 1024
553 542 524
554 500 375
555 500 401
556 500 500
557 1024 768
558 500 333
559 1024 1024
560 500 375
561 500 333
562 500 375
563 1024 1022
564 243 500
565 500 459
566 375 500
567 1024 768
568 500 375
569 1024 768
570 768 1024
571 1024 768
572 1024 768
573 500 375
574 772 1024
575 375 500
576 1018 1024
577 1024 768
578 500 500
579 500 375
580 1024 713
581 375 500
582 500 333
583 1024 734
584 1024 897
585 375 500
586 1024 769
587 768 1024
588 500 361
589 1024 775
590 500 375
591 750 790
592 1024 768
593 1024 1014
594 1024 683
595 1024 1024
596 500 375
597 500 333
598 1024 1024
599 767 1024
600 375 500
601 500 333
602 1024 944
603 500 333
604 500 375
605 1024 987
606 1024 768
607 500 325
608 1024 769
609 1024 1023
610 348 500
611 500 375
612 964 1024
613 1024 768
614 500 375
615 500 492
616 500 375
617 334 500
618 1024 768
619 614 1024
620 500 375
621 424 500
622 500 375
623 375 500
624 768 1024
625 1024 768
626 1024 802
627 1023 1024
628 1024 828
629 404 500
630 497 410
631 1024 768
632 1024 666
633 500 500
634 500 375
635 818 710
636 375 500
637 493 500
638 1024 813
639 500 375
640 1024 844
641 375 500
642 375 500
643 500 333
644 500 375
645 1024 1024
646 1024 682
647 1024 768
648 1024 768
649 1024 950
650 1024 768
651 1024 768
652 357 500
653 1024 683
654 500 485
655 500 500
656 500 469
657 500 281
658 500 365
659 500 293
660 500 383
661 1024 852
662 500 369
663 500 333
664 500 478
665 1024 937
666 759 1024
667 768 1024
668 1024 768
669 900 557
670 1024 763
671 1024 768
672 672 648
673 673 625
674 1024 683
675 500 355
676 500 350
677 500 452
678 1024 683
679 1024 695
680 500 467
681 1024 768
682 1024 768
683 500 375
684 500 333
685 800 600
686 1024 1005
687 375 500
688 500 375
689 375 500
690 500 344
691 586 440
692 1024 768
693 768 1024
694 500 375
695 981 1014
696 1024 683
697 1024 768
698 500 333
699 818 718
700 500 500
701 500 331
702 576 1024
703 781 759
704 500 375
705 500 333
706 577 1024
707 571 1024
708 500 419
709 1024 681
710 808 1024
711 375 500
712 1024 683
713 600 450
714 1024 1024
715 375 500
716 375 500
717 768 1024
718 500 350
719 500 465
720 500 375
721 1024 1024
722 1024 914
723 1024 768
724 1024 683
725 768 1024
726 500 375
