1 1
2 1
3 1
4 1
5 1
6 1
7 1
8 1
9 1
10 1
11 1
12 1
13 1
14 1
15 1
16 1
17 1
18 1
19 1
20 1
21 1
22 1
23 1
24 1
25 1
26 1
27 1
28 1
29 1
30 1
31 1
32 1
33 1
34 1
35 1
36 1
37 1
38 1
39 1
40 1
41 1
42 1
43 1
44 1
45 1
46 1
47 1
48 1
49 1
50 1
51 1
52 1
53 1
54 1
55 1
56 1
57 1
58 1
59 1
60 1
61 1
62 1
63 1
64 1
65 1
66 1
67 1
68 1
69 1
70 1
71 1
72 1
73 1
74 1
75 1
76 1
77 1
78 1
79 1
80 1
81 1
82 1
83 1
84 1
85 1
86 1
87 1
88 1
89 1
90 1
91 1
92 1
93 1
94 1
95 5
96 5
97 5
98 5
99 5
100 5
101 5
102 5
103 5
104 5
105 5
106 5
107 5
108 5
109 5
110 5
111 5
112 5
113 5
114 5
115 5
116 5
117 5
118 5
119 5
120 5
121 5
122 5
123 5
124 5
125 5
126 5
127 5
128 5
129 5
130 5
131 5
132 5
133 5
134 5
135 5
136 5
137 5
138 5
139 5
140 5
141 5
142 5
143 5
144 5
145 5
146 5
147 5
148 5
149 5
150 5
151 5
152 5
153 5
154 5
155 5
156 5
157 5
158 5
159 5
160 5
161 5
162 5
163 5
164 5
165 5
166 5
167 5
168 5
169 5
170 5
171 5
172 5
173 5
174 5
175 5
176 5
177 5
178 5
179 5
180 5
181 5
182 5
183 5
184 5
185 5
186 5
187 5
188 5
189 5
190 5
191 5
192 5
193 5
194 5
195 5
196 5
197 5
198 5
199 5
200 5
201 5
202 5
203 5
204 5
205 5
206 5
207 5
208 5
209 5
210 5
211 5
212 5
213 5
214 5
215 5
216 5
217 5
218 5
219 5
220 5
221 5
222 5
223 5
224 5
225 5
226 5
227 5
228 5
229 5
230 5
231 5
232 5
233 5
234 5
235 5
236 5
237 5
238 5
239 5
240 5
241 5
242 5
243 5
244 5
245 5
246 5
247 5
248 5
249 5
250 5
251 5
252 5
253 5
254 5
255 5
256 5
257 5
258 5
259 5
260 5
261 5
262 5
263 5
264 5
265 5
266 5
267 5
268 5
269 5
270 5
271 5
272 5
273 5
274 5
275 5
276 5
277 5
278 5
279 5
280 5
281 5
282 5
283 5
284 5
285 5
286 5
287 5
288 5
289 5
290 5
291 5
292 5
293 5
294 5
295 5
296 5
297 5
298 5
299 5
300 5
301 5
302 5
303 5
304 5
305 5
306 5
307 5
308 5
309 5
310 5
311 5
312 5
313 5
314 5
315 5
316 5
317 5
318 5
319 5
320 5
321 5
322 5
323 5
324 5
325 5
326 5
327 5
328 5
329 5
330 5
331 5
332 5
333 5
334 5
335 5
336 5
337 5
338 5
339 5
340 5
341 5
342 5
343 5
344 5
345 5
346 5
347 5
348 5
349 5
350 5
351 5
352 5
353 5
354 5
355 5
356 5
357 5
358 5
359 5
360 5
361 5
362 5
363 5
364 5
365 5
366 5
367 5
368 5
369 5
370 5
371 5
372 5
373 5
374 5
375 5
376 5
377 5
378 5
379 5
380 5
381 5
382 5
383 5
384 5
385 5
386 5
387 5
388 5
389 5
390 5
391 5
392 5
393 5
394 5
395 5
396 5
397 5
398 5
399 5
400 5
401 5
402 5
403 5
404 5
405 5
406 5
407 5
408 5
409 5
410 5
411 5
412 5
413 5
414 5
415 5
416 5
417 5
418 5
419 5
420 5
421 5
422 5
423 5
424 5
425 5
426 5
427 5
428 5
429 5
430 5
431 5
432 5
433 5
434 5
435 5
436 5
437 5
438 5
439 5
440 5
441 5
442 5
443 5
444 5
445 5
446 5
447 5
448 5
449 5
450 5
451 5
452 5
453 5
454 5
455 5
456 5
457 5
458 5
459 5
460 5
461 5
462 5
463 5
464 5
465 5
466 5
467 5
468 5
469 5
470 5
471 5
472 5
473 5
474 5
475 5
476 5
477 5
478 5
479 5
480 5
481 5
482 5
483 5
484 5
485 5
486 5
487 5
488 5
489 5
490 5
491 5
492 5
493 5
494 5
495 5
496 5
497 5
498 5
499 5
500 5
501 5
502 5
503 5
504 5
505 5
506 5
507 5
508 5
509 5
510 5
511 5
512 5
513 5
514 5
515 5
516 5
517 5
518 5
519 5
520 5
521 5
522 5
523 5
524 5
525 5
526 5
527 5
528 5
529 5
530 5
531 5
532 5
533 5
534 5
535 5
536 5
537 5
538 5
539 5
540 5
541 5
542 5
543 5
544 5
545 5
546 5
547 5
548 5
549 5
550 5
551 5
552 5
553 5
554 5
555 5
556 5
557 5
558 5
559 5
560 5
561 5
562 5
563 5
564 5
565 5
566 5
567 5
568 5
569 5
570 5
571 5
572 5
573 5
574 5
575 5
576 5
577 5
578 5
579 5
580 5
581 5
582 5
583 5
584 5
585 5
586 5
587 5
588 5
589 5
590 5
591 5
592 5
593 5
594 5
595 5
596 5
597 5
598 5
599 5
600 5
601 5
602 5
603 5
604 5
605 5
606 5
607 5
608 5
609 5
610 5
611 5
612 5
613 5
614 5
615 5
616 5
617 5
618 5
619 5
620 5
621 5
622 5
623 5
624 5
625 5
626 5
627 5
628 5
629 5
630 5
631 5
632 5
633 5
634 5
635 5
636 5
637 5
638 5
639 5
640 5
641 5
642 5
643 5
644 5
645 5
646 5
647 5
648 5
649 5
650 5
651 5
652 5
653 5
654 5
655 5
656 5
657 5
658 5
659 5
660 5
661 5
662 5
663 5
664 5
665 5
666 5
667 5
668 5
669 5
670 5
671 5
672 5
673 5
674 5
675 5
676 5
677 5
678 5
679 5
680 5
681 5
682 5
683 5
684 5
685 5
686 5
687 5
688 5
689 5
690 5
691 5
692 5
693 5
694 5
695 5
696 5
697 5
698 5
699 5
700 5
701 5
702 5
703 5
704 5
705 5
706 5
707 5
708 5
709 5
710 5
711 5
712 5
713 5
714 5
715 5
716 5
717 5
718 5
719 5
720 5
721 5
722 5
723 5
724 5
725 5
726 5
727 5
728 5
729 5
730 5
731 5
732 5
733 5
734 5
735 5
736 5
737 5
738 5
739 5
740 5
741 5
742 5
743 5
744 5
745 5
746 5
747 5
748 5
749 5
750 5
751 5
752 5
753 5
754 5
755 5
756 5
757 5
758 5
759 5
760 5
761 5
762 5
763 5
764 5
765 5
766 5
767 5
768 5
769 5
770 5
771 5
772 5
773 5
774 5
775 5
776 5
777 5
778 5
779 5
780 5
781 5
782 5
783 5
784 5
785 5
786 5
787 5
788 5
789 5
790 5
791 5
792 5
793 5
794 5
795 5
796 5
797 5
798 5
799 5
800 5
801 5
802 5
803 5
804 5
805 5
806 5
807 5
808 5
809 5
810 5
811 5
812 5
813 5
814 5
815 5
816 5
817 5
818 5
819 5
820 5
821 5
822 5
823 5
824 5
825 5
826 5
827 5
828 5
829 5
830 5
831 5
832 5
833 5
834 5
835 5
836 5
837 5
838 5
839 5
840 5
841 5
842 5
843 5
844 5
845 5
846 5
847 5
848 5
849 5
850 5
851 5
852 5
853 5
854 5
855 5
856 5
857 5
858 5
859 5
860 5
861 5
862 5
863 5
864 5
865 5
866 5
867 5
868 5
869 5
870 5
871 5
872 5
873 5
874 5
875 5
876 5
877 5
878 5
879 5
880 5
881 5
882 5
883 5
884 5
885 5
886 5
887 5
888 5
889 5
890 5
891 5
892 5
893 5
894 5
895 5
896 5
897 5
898 5
899 5
900 5
901 5
902 5
903 5
904 5
905 5
906 5
907 5
908 5
909 5
910 5
911 5
912 5
913 5
914 5
915 5
916 5
917 5
918 5
919 5
920 5
921 5
922 5
923 5
924 5
925 5
926 5
927 5
928 5
929 5
930 5
931 5
932 5
933 5
934 5
935 5
936 5
937 5
938 5
939 5
940 5
941 5
942 5
943 5
944 5
945 5
946 5
947 5
948 5
949 5
950 5
951 5
952 5
953 5
954 5
955 5
956 5
957 5
958 5
959 5
960 5
961 5
962 5
963 5
964 5
965 5
966 5
967 5
968 5
969 5
970 5
971 5
972 5
973 5
974 5
975 5
976 5
977 5
978 5
979 5
980 5
981 5
982 5
983 5
984 5
985 5
986 5
987 5
988 5
989 5
990 5
991 5
992 5
993 5
994 5
995 5
996 5
997 5
998 5
999 5
1000 5
1001 5
1002 5
1003 5
1004 5
1005 5
1006 5
1007 5
1008 5
1009 5
1010 5
1011 5
1012 5
1013 5
1014 5
1015 5
1016 5
1017 5
1018 5
1019 5
1020 5
1021 5
1022 5
1023 5
1024 5
1025 5
1026 5
1027 5
1028 5
1029 5
1030 5
1031 5
1032 5
1033 5
1034 5
1035 5
1036 5
1037 5
1038 5
1039 5
1040 5
1041 5
1042 5
1043 5
1044 5
1045 5
1046 5
1047 5
1048 5
1049 5
1050 5
1051 5
1052 5
1053 5
1054 5
1055 5
1056 5
1057 5
1058 5
1059 5
1060 5
1061 5
1062 5
1063 5
1064 5
1065 5
1066 5
1067 5
1068 5
1069 5
1070 5
1071 5
1072 5
1073 5
1074 5
1075 5
1076 5
1077 5
1078 5
1079 5
1080 5
1081 5
1082 5
1083 5
1084 5
1085 5
1086 5
1087 5
1088 5
1089 5
1090 5
1091 5
1092 5
1093 5
1094 5
1095 5
1096 5
1097 5
1098 5
1099 5
1100 5
1101 5
1102 5
1103 5
1104 5
1105 5
1106 5
1107 5
1108 5
1109 5
1110 5
1111 5
1112 5
1113 5
1114 5
1115 5
1116 5
1117 5
1118 5
1119 5
1120 5
1121 5
1122 5
1123 5
1124 5
1125 5
1126 5
1127 5
1128 5
1129 5
1130 5
1131 5
1132 5
1133 5
1134 5
1135 5
1136 5
1137 5
1138 5
1139 5
1140 5
1141 5
1142 5
1143 5
1144 5
1145 5
1146 5
1147 5
1148 5
1149 5
1150 5
1151 5
1152 5
1153 5
1154 5
1155 5
1156 5
1157 5
1158 5
1159 5
1160 5
1161 5
1162 5
1163 5
1164 5
1165 5
1166 5
1167 5
1168 5
1169 5
1170 5
1171 5
1172 5
1173 5
1174 5
1175 5
1176 5
1177 5
1178 5
1179 5
1180 5
1181 5
1182 5
1183 5
1184 5
1185 5
1186 5
1187 5
1188 5
1189 5
1190 5
1191 5
1192 5
1193 5
1194 5
1195 5
1196 5
1197 5
1198 5
1199 5
1200 5
1201 5
1202 5
1203 5
1204 5
1205 5
1206 5
1207 5
1208 5
1209 5
1210 5
1211 5
1212 5
1213 5
1214 5
1215 5
1216 5
1217 5
1218 5
1219 5
1220 5
1221 5
1222 5
1223 5
1224 5
1225 5
1226 5
1227 5
1228 5
1229 5
1230 5
1231 5
1232 5
1233 5
1234 5
1235 5
1236 5
1237 5
1238 5
1239 5
1240 5
1241 5
1242 5
1243 5
1244 5
1245 5
1246 5
1247 5
1248 5
1249 5
1250 5
1251 5
1252 5
1253 5
1254 5
1255 5
1256 5
1257 5
1258 5
1259 5
1260 5
1261 5
1262 5
1263 5
1264 5
1265 5
1266 5
1267 5
1268 5
1269 5
1270 5
1271 5
1272 5
1273 5
1274 5
1275 5
1276 5
1277 5
1278 5
1279 5
1280 5
1281 5
1282 5
1283 5
1284 5
1285 5
1286 5
1287 5
1288 5
1289 5
1290 5
1291 5
1292 5
1293 5
1294 5
1295 5
1296 5
1297 5
1298 5
1299 5
1300 5
1301 5
1302 5
1303 5
1304 5
1305 5
1306 5
1307 5
1308 5
1309 5
1310 5
1311 5
1312 5
1313 5
1314 5
1315 5
1316 5
1317 5
1318 5
1319 5
1320 5
1321 5
1322 5
1323 5
1324 5
1325 5
1326 5
1327 5
1328 5
1329 5
1330 5
1331 5
1332 5
1333 5
1334 5
1335 5
1336 5
1337 5
1338 5
1339 5
1340 5
1341 5
1342 5
1343 5
1344 5
1345 5
1346 5
1347 5
1348 5
1349 5
1350 5
1351 5
1352 5
1353 5
1354 5
1355 5
1356 5
1357 5
1358 5
1359 5
1360 5
1361 5
1362 5
1363 5
1364 5
1365 5
1366 5
1367 5
1368 5
1369 5
1370 5
1371 5
1372 5
1373 5
1374 5
1375 5
1376 5
1377 5
1378 5
1379 5
1380 5
1381 5
1382 5
1383 5
1384 5
1385 5
1386 5
1387 5
1388 5
1389 5
1390 5
1391 5
1392 5
1393 5
1394 5
1395 5
1396 5
1397 5
1398 5
1399 5
1400 5
1401 5
1402 5
1403 5
1404 5
1405 5
1406 5
1407 5
1408 5
1409 5
1410 5
1411 5
1412 5
1413 5
1414 5
1415 5
1416 5
1417 5
1418 5
1419 5
1420 5
1421 5
1422 5
1423 5
1424 5
1425 5
1426 5
1427 5
1428 5
1429 5
1430 5
1431 5
1432 5
1433 5
1434 5
1435 5
1436 5
1437 5
1438 5
1439 5
1440 5
1441 5
1442 5
1443 5
1444 5
1445 5
1446 5
1447 5
1448 5
1449 5
1450 5
1451 5
1452 5
1453 5
1454 5
1455 5
1456 5
1457 5
1458 5
1459 5
1460 5
1461 5
1462 5
1463 5
1464 5
1465 5
1466 5
1467 5
1468 5
1469 5
1470 5
1471 5
1472 5
1473 5
1474 5
1475 5
1476 5
1477 5
1478 5
1479 5
1480 5
1481 5
1482 5
1483 5
1484 5
1485 5
1486 5
1487 5
1488 5
1489 5
1490 5
1491 5
1492 5
1493 5
1494 5
1495 5
1496 5
1497 5
1498 5
1499 5
1500 5
1501 5
1502 5
1503 5
1504 5
1505 5
1506 5
1507 5
1508 5
1509 5
1510 5
1511 5
1512 5
1513 5
1514 5
1515 5
1516 5
1517 5
1518 5
1519 5
1520 5
1521 5
1522 5
1523 5
1524 5
1525 5
1526 5
1527 5
1528 5
1529 5
1530 5
1531 5
1532 5
1533 5
1534 5
1535 5
1536 5
1537 5
1538 5
1539 5
1540 5
1541 5
1542 5
1543 5
1544 5
1545 5
1546 5
1547 5
1548 5
1549 5
1550 5
1551 5
1552 5
1553 5
1554 5
1555 5
1556 5
1557 5
1558 5
1559 5
1560 5
1561 5
1562 5
1563 5
1564 5
1565 5
1566 5
1567 5
1568 5
1569 5
1570 5
1571 5
1572 5
1573 5
1574 5
1575 5
1576 5
1577 5
1578 5
1579 5
1580 5
1581 5
1582 5
1583 5
1584 5
1585 5
1586 5
1587 5
1588 5
1589 5
1590 5
1591 5
1592 5
1593 5
1594 5
1595 5
1596 5
1597 5
1598 5
1599 5
1600 5
1601 5
1602 5
1603 5
1604 5
1605 5
1606 5
1607 5
1608 5
1609 5
1610 5
1611 5
1612 5
1613 5
1614 5
1615 5
1616 5
1617 5
1618 5
1619 5
1620 5
1621 5
1622 5
1623 5
1624 5
1625 5
1626 5
1627 5
1628 5
1629 5
1630 5
1631 5
1632 5
1633 5
1634 5
1635 5
1636 5
1637 5
1638 5
1639 5
1640 5
1641 5
1642 5
1643 5
1644 5
1645 5
1646 5
1647 5
1648 5
1649 5
1650 5
1651 5
1652 5
1653 5
1654 5
1655 5
1656 5
1657 5
1658 5
1659 5
1660 5
1661 5
1662 5
1663 5
1664 5
1665 5
1666 5
1667 5
1668 5
1669 5
1670 5
1671 5
1672 5
1673 5
1674 5
1675 5
1676 5
1677 5
1678 5
1679 5
1680 5
1681 5
1682 5
1683 5
1684 5
1685 5
1686 5
1687 5
1688 5
1689 5
1690 5
1691 5
1692 5
1693 5
1694 5
1695 5
1696 5
1697 5
1698 5
1699 5
1700 5
1701 5
1702 5
1703 5
1704 5
1705 5
1706 5
1707 5
1708 5
1709 5
1710 5
1711 5
1712 5
1713 5
1714 5
1715 5
1716 5
1717 5
1718 5
1719 5
1720 5
1721 5
1722 5
1723 5
1724 5
1725 5
1726 5
1727 5
1728 5
1729 5
1730 5
1731 5
1732 5
1733 5
1734 5
1735 5
1736 5
1737 5
1738 5
1739 5
1740 5
1741 5
1742 5
1743 5
1744 5
1745 5
1746 5
1747 5
1748 5
1749 5
1750 5
1751 5
1752 5
1753 5
1754 5
1755 5
1756 5
1757 5
1758 5
1759 5
1760 5
1761 5
1762 5
1763 5
1764 5
1765 5
1766 5
1767 5
1768 5
1769 5
1770 5
1771 5
1772 5
1773 5
1774 5
1775 5
1776 5
1777 5
1778 5
1779 5
1780 5
1781 5
1782 5
1783 5
1784 5
1785 5
1786 5
1787 5
1788 5
1789 5
1790 5
1791 5
1792 5
1793 5
1794 5
1795 5
1796 5
1797 5
1798 5
1799 5
1800 5
1801 5
1802 5
1803 5
1804 5
1805 5
1806 5
1807 5
1808 5
1809 5
1810 5
1811 5
1812 5
1813 5
1814 5
1815 5
1816 5
1817 5
1818 5
1819 5
1820 5
1821 5
1822 5
1823 5
1824 5
1825 5
1826 5
1827 5
1828 5
1829 5
1830 5
1831 5
1832 5
1833 5
1834 5
1835 5
1836 5
1837 5
1838 5
1839 5
1840 5
1841 5
1842 5
1843 5
1844 5
1845 5
1846 5
1847 5
1848 5
1849 5
1850 5
1851 5
1852 5
1853 5
1854 5
1855 5
1856 5
1857 5
1858 5
1859 5
1860 5
1861 5
1862 5
1863 5
1864 5
1865 5
1866 5
1867 5
1868 5
1869 5
1870 5
1871 5
1872 5
1873 5
1874 5
1875 5
1876 5
1877 5
1878 5
1879 5
1880 5
1881 5
1882 5
1883 5
1884 5
1885 5
1886 5
1887 5
1888 5
1889 5
1890 5
1891 5
1892 5
1893 5
1894 5
1895 5
1896 5
1897 5
1898 5
1899 5
1900 5
1901 5
1902 5
1903 5
1904 5
1905 5
1906 5
1907 5
1908 5
1909 5
1910 5
1911 5
1912 5
1913 5
1914 5
1915 5
1916 5
1917 5
1918 5
1919 5
1920 5
1921 5
1922 5
1923 5
1924 5
1925 5
1926 5
1927 5
1928 5
1929 5
1930 5
1931 5
1932 5
1933 5
1934 5
1935 5
1936 5
1937 5
1938 5
1939 5
1940 5
1941 5
1942 5
1943 5
1944 5
1945 5
1946 5
1947 5
1948 5
1949 5
1950 5
1951 5
1952 5
1953 5
1954 5
1955 5
1956 5
1957 5
1958 5
1959 5
1960 5
1961 5
1962 5
1963 5
1964 5
1965 5
1966 5
1967 5
1968 5
1969 5
1970 5
1971 5
1972 5
1973 5
1974 5
1975 5
1976 5
1977 5
1978 5
1979 5
1980 5
1981 5
1982 5
1983 5
1984 5
1985 5
1986 5
1987 5
1988 5
1989 5
1990 5
1991 5
1992 5
1993 5
1994 5
1995 5
1996 5
1997 5
1998 5
1999 5
2000 5
2001 5
2002 5
2003 5
2004 5
2005 5
2006 5
2007 5
2008 5
2009 5
2010 5
2011 5
2012 5
2013 5
2014 5
2015 5
2016 5
2017 5
2018 5
2019 5
2020 5
2021 5
2022 5
2023 5
2024 5
2025 5
2026 5
2027 5
2028 5
2029 5
2030 5
2031 5
2032 5
2033 5
2034 5
2035 5
2036 5
2037 5
2038 5
2039 5
2040 5
2041 5
2042 5
2043 5
2044 5
2045 5
2046 5
2047 5
2048 5
2049 5
2050 5
2051 5
2052 5
2053 5
2054 5
2055 5
2056 5
2057 5
2058 5
2059 5
2060 5
2061 5
2062 5
2063 5
2064 5
2065 5
2066 5
2067 5
2068 5
2069 5
2070 5
2071 5
2072 5
2073 5
2074 5
2075 5
2076 5
2077 5
2078 5
2079 5
2080 5
2081 5
2082 5
2083 5
2084 5
2085 5
2086 5
2087 5
2088 5
2089 5
2090 5
2091 5
2092 5
2093 5
2094 5
2095 5
2096 5
2097 5
2098 5
2099 5
2100 5
2101 5
2102 5
2103 5
2104 5
2105 5
2106 5
2107 5
2108 5
2109 5
2110 5
2111 5
2112 5
2113 5
2114 5
2115 5
2116 5
2117 5
2118 5
2119 5
2120 5
2121 5
2122 5
2123 5
2124 5
2125 5
2126 5
2127 5
2128 5
2129 5
2130 5
2131 5
2132 5
2133 5
2134 5
2135 5
2136 5
2137 5
2138 5
2139 5
2140 5
2141 5
2142 5
2143 5
2144 5
2145 5
2146 5
2147 5
2148 5
2149 5
2150 5
2151 5
2152 5
2153 5
2154 5
2155 5
2156 5
2157 5
2158 5
2159 5
2160 5
2161 5
2162 5
2163 5
2164 5
2165 5
2166 5
2167 5
2168 5
2169 5
2170 5
2171 5
2172 5
2173 5
2174 5
2175 5
2176 5
2177 5
2178 5
2179 5
2180 5
2181 5
2182 5
2183 5
2184 5
2185 5
2186 5
2187 5
2188 5
2189 5
2190 5
2191 5
2192 5
2193 5
2194 5
2195 5
2196 5
2197 5
2198 5
2199 5
2200 5
2201 5
2202 5
2203 5
2204 5
2205 5
2206 5
2207 5
2208 5
2209 5
2210 5
2211 5
2212 5
2213 5
2214 5
2215 5
2216 5
2217 5
2218 5
2219 5
2220 5
2221 5
2222 5
2223 5
2224 5
2225 5
2226 5
2227 5
2228 5
2229 5
2230 5
2231 5
2232 5
2233 5
2234 5
2235 5
2236 5
2237 5
2238 5
2239 5
2240 5
2241 5
2242 5
2243 5
2244 5
2245 5
2246 5
2247 5
2248 5
2249 5
2250 5
2251 5
2252 5
2253 5
2254 5
2255 5
2256 5
2257 5
2258 5
2259 5
2260 5
2261 5
2262 5
2263 5
2264 5
2265 5
2266 5
2267 5
2268 5
2269 5
2270 5
2271 5
2272 5
2273 5
2274 5
2275 5
2276 5
2277 5
2278 5
2279 5
2280 5
2281 5
2282 5
2283 5
2284 5
2285 5
2286 5
2287 5
2288 5
2289 5
2290 5
2291 5
2292 5
2293 5
2294 5
2295 5
2296 5
2297 5
2298 5
2299 5
2300 5
2301 5
2302 5
2303 5
2304 5
2305 5
2306 5
2307 5
2308 5
2309 5
2310 5
2311 5
2312 5
2313 5
2314 5
2315 5
2316 5
2317 5
2318 5
2319 5
2320 5
2321 5
2322 5
2323 5
2324 5
2325 5
2326 5
2327 5
2328 5
2329 5
2330 5
2331 5
2332 5
2333 5
2334 5
2335 5
2336 5
2337 5
2338 5
2339 5
2340 5
2341 5
2342 5
2343 5
2344 5
2345 5
2346 5
2347 5
2348 5
2349 5
2350 5
2351 5
2352 5
2353 5
2354 5
2355 5
2356 5
2357 5
2358 5
2359 5
2360 5
2361 5
2362 5
2363 5
2364 5
2365 5
2366 5
2367 5
2368 5
2369 5
2370 5
2371 5
2372 5
2373 5
2374 5
2375 5
2376 5
2377 5
2378 5
2379 5
2380 5
2381 5
2382 5
2383 5
2384 5
2385 5
2386 5
2387 5
2388 5
2389 5
2390 5
2391 5
2392 5
2393 5
2394 5
2395 5
2396 5
2397 5
2398 5
2399 5
2400 5
2401 5
2402 5
2403 5
2404 5
2405 5
2406 5
2407 5
2408 5
2409 5
2410 5
2411 5
2412 5
2413 5
2414 5
2415 5
2416 5
2417 5
2418 5
2419 5
2420 5
2421 5
2422 5
2423 5
2424 5
2425 5
2426 5
2427 5
2428 5
2429 5
2430 5
2431 5
2432 5
2433 5
2434 5
2435 5
2436 5
2437 5
2438 5
2439 5
2440 5
2441 5
2442 5
2443 5
2444 5
2445 5
2446 5
2447 5
2448 5
2449 5
2450 5
2451 5
2452 5
2453 5
2454 5
2455 5
2456 5
2457 5
2458 5
2459 5
2460 5
2461 5
2462 5
2463 5
2464 5
2465 5
2466 5
2467 5
2468 5
2469 5
2470 5
2471 5
2472 5
2473 5
2474 5
2475 5
2476 5
2477 5
2478 5
2479 5
2480 5
2481 5
2482 5
2483 5
2484 5
2485 5
2486 5
2487 5
2488 5
2489 5
2490 5
2491 5
2492 5
2493 5
2494 5
2495 5
2496 5
2497 5
2498 5
2499 5
2500 5
2501 5
2502 5
2503 5
2504 5
2505 5
2506 5
2507 5
2508 5
2509 5
2510 5
2511 5
2512 5
2513 5
2514 5
2515 5
2516 5
2517 5
2518 5
2519 5
2520 5
2521 5
2522 5
2523 5
2524 5
2525 5
2526 5
2527 5
2528 5
2529 5
2530 5
2531 5
2532 5
2533 5
2534 5
2535 5
2536 5
2537 5
2538 5
2539 5
2540 5
2541 5
2542 5
2543 5
2544 5
2545 5
2546 5
2547 5
2548 5
2549 5
2550 5
2551 5
2552 5
2553 5
2554 5
2555 5
2556 5
2557 5
2558 5
2559 5
2560 5
2561 5
2562 5
2563 5
2564 5
2565 5
2566 5
2567 5
2568 5
2569 5
2570 5
2571 5
2572 5
2573 5
2574 5
2575 5
2576 5
2577 5
2578 5
2579 5
2580 5
2581 5
2582 5
2583 5
2584 5
2585 5
2586 5
2587 5
2588 5
2589 5
2590 5
2591 5
2592 5
2593 5
2594 5
2595 5
2596 5
2597 5
2598 5
2599 5
2600 5
2601 5
2602 5
2603 5
2604 5
2605 5
2606 5
2607 5
2608 5
2609 5
2610 5
2611 5
2612 5
2613 5
2614 5
2615 5
2616 5
2617 5
2618 5
2619 5
2620 5
2621 5
2622 5
2623 5
2624 5
2625 5
2626 5
2627 5
2628 5
2629 5
2630 5
2631 5
2632 5
2633 5
2634 5
2635 5
2636 5
2637 5
2638 5
2639 5
2640 5
2641 5
2642 5
2643 5
2644 5
2645 5
2646 5
2647 5
2648 5
2649 5
2650 5
2651 5
2652 5
2653 5
2654 5
2655 5
2656 5
2657 5
2658 5
2659 5
2660 5
2661 5
2662 5
2663 5
2664 5
2665 5
2666 5
2667 5
2668 5
2669 5
2670 5
2671 5
2672 5
2673 5
2674 5
2675 5
2676 5
2677 5
2678 5
2679 5
2680 5
2681 5
2682 5
2683 5
2684 5
2685 5
2686 5
2687 5
2688 5
2689 5
2690 5
2691 5
2692 5
2693 5
2694 5
2695 5
2696 5
2697 5
2698 5
2699 5
2700 5
2701 5
2702 5
2703 5
2704 5
2705 5
2706 5
2707 5
2708 5
2709 5
2710 5
2711 5
2712 5
2713 5
2714 5
2715 5
2716 5
2717 5
2718 5
2719 5
2720 5
2721 5
2722 5
2723 5
2724 5
2725 5
2726 5
2727 5
2728 5
2729 5
2730 5
2731 5
2732 5
2733 5
2734 5
2735 5
2736 5
2737 5
2738 5
2739 5
2740 5
2741 5
2742 5
2743 5
2744 5
2745 5
2746 5
2747 5
2748 5
2749 5
2750 5
2751 5
2752 5
2753 5
2754 5
2755 5
2756 5
2757 5
2758 5
2759 5
2760 5
2761 5
2762 5
2763 5
2764 5
2765 5
2766 5
2767 5
2768 5
2769 5
2770 5
2771 5
2772 5
2773 5
2774 5
2775 5
2776 5
2777 5
2778 5
2779 5
2780 5
2781 5
2782 5
2783 5
2784 5
2785 5
2786 5
2787 5
2788 5
2789 5
2790 5
2791 5
2792 5
2793 5
2794 5
2795 5
2796 5
2797 5
2798 5
2799 5
2800 5
2801 5
2802 5
2803 5
2804 5
2805 5
2806 5
2807 5
2808 5
2809 5
2810 5
2811 5
2812 5
2813 5
2814 5
2815 5
2816 5
2817 5
2818 5
2819 5
2820 5
2821 5
2822 5
2823 5
2824 5
2825 5
2826 5
2827 5
2828 5
2829 5
2830 5
2831 5
2832 5
2833 5
2834 5
2835 5
2836 5
2837 5
2838 5
2839 5
2840 5
2841 5
2842 5
2843 5
2844 5
2845 5
2846 5
2847 5
2848 5
2849 5
2850 5
2851 5
2852 5
2853 5
2854 5
2855 5
2856 5
2857 5
2858 5
2859 5
2860 5
2861 5
2862 5
2863 5
2864 5
2865 5
2866 5
2867 5
2868 5
2869 5
2870 5
2871 5
2872 5
2873 5
2874 5
2875 5
2876 5
2877 5
2878 5
2879 5
2880 5
2881 5
2882 5
2883 5
2884 5
2885 5
2886 5
2887 5
2888 5
2889 5
2890 5
2891 5
2892 5
2893 5
2894 5
2895 5
2896 5
2897 5
2898 5
2899 5
2900 5
2901 5
2902 5
2903 5
2904 5
2905 5
2906 5
2907 5
2908 5
2909 5
2910 5
2911 5
2912 5
2913 5
2914 5
2915 5
2916 5
2917 5
2918 5
2919 5
2920 5
2921 5
2922 5
2923 5
2924 5
2925 5
2926 5
2927 5
2928 5
2929 5
2930 5
2931 5
2932 5
2933 5
2934 5
2935 5
2936 5
2937 5
2938 5
2939 5
2940 5
2941 5
2942 5
2943 5
2944 5
2945 5
2946 5
2947 5
2948 5
2949 5
2950 5
2951 5
2952 5
2953 5
2954 5
2955 5
2956 5
2957 5
2958 5
2959 5
2960 5
2961 5
2962 5
2963 5
2964 5
2965 5
2966 5
2967 5
2968 5
2969 5
2970 5
2971 5
2972 5
2973 5
2974 5
2975 5
2976 5
2977 5
2978 5
2979 5
2980 5
2981 5
2982 5
2983 5
2984 5
2985 5
2986 5
2987 5
2988 5
2989 5
2990 5
2991 5
2992 5
2993 5
2994 5
2995 5
2996 5
2997 5
2998 5
2999 5
3000 5
3001 5
3002 5
3003 5
3004 5
3005 5
3006 5
3007 5
3008 5
3009 5
3010 5
3011 5
3012 5
3013 5
3014 5
3015 5
3016 5
3017 5
3018 5
3019 5
3020 5
3021 5
3022 5
3023 5
3024 5
3025 5
3026 5
3027 5
3028 5
3029 5
3030 5
3031 5
3032 5
3033 5
3034 5
3035 5
3036 5
3037 5
3038 5
3039 5
3040 5
3041 5
3042 5
3043 5
3044 5
3045 5
3046 5
3047 5
3048 5
3049 5
3050 5
3051 5
3052 5
3053 5
3054 5
3055 5
3056 5
3057 5
3058 5
3059 5
3060 5
3061 5
3062 5
3063 5
3064 5
3065 5
3066 5
3067 5
3068 5
3069 5
3070 5
3071 5
3072 5
3073 5
3074 5
3075 5
3076 5
3077 5
3078 5
3079 5
3080 5
3081 5
3082 5
3083 5
3084 5
3085 5
3086 5
3087 5
3088 5
3089 5
3090 5
3091 5
3092 5
3093 5
3094 5
3095 5
3096 5
3097 5
3098 5
3099 5
3100 5
3101 5
3102 5
3103 5
3104 5
3105 5
3106 5
3107 5
3108 5
3109 5
3110 5
3111 5
3112 5
3113 5
3114 5
3115 5
3116 5
3117 5
3118 5
3119 5
3120 5
3121 5
3122 5
3123 5
3124 5
3125 5
3126 5
3127 5
3128 5
3129 5
3130 5
3131 5
3132 5
3133 5
3134 5
3135 5
3136 5
3137 5
3138 5
3139 5
3140 5
3141 5
3142 5
3143 5
3144 5
3145 5
3146 5
3147 5
3148 5
3149 5
3150 5
3151 5
3152 5
3153 5
3154 5
3155 5
3156 5
3157 5
3158 5
3159 5
3160 5
3161 5
3162 5
3163 5
3164 5
3165 5
3166 5
3167 5
3168 5
3169 5
3170 5
3171 5
3172 5
3173 5
3174 5
3175 5
3176 5
3177 5
3178 5
3179 5
3180 5
3181 5
3182 5
3183 5
3184 5
3185 5
3186 5
3187 5
3188 5
3189 5
3190 5
3191 5
3192 5
3193 5
3194 5
3195 5
3196 5
3197 5
3198 5
3199 5
3200 5
3201 5
3202 5
3203 5
3204 5
3205 5
3206 5
3207 5
3208 5
3209 5
3210 5
3211 5
3212 5
3213 5
3214 5
3215 5
3216 5
3217 5
3218 5
3219 5
3220 5
3221 5
3222 5
3223 5
3224 5
3225 5
3226 5
3227 5
3228 5
3229 5
3230 5
3231 5
3232 5
3233 5
3234 5
3235 5
3236 5
3237 5
3238 5
3239 5
3240 5
3241 5
3242 5
3243 5
3244 5
3245 5
3246 5
3247 5
3248 5
3249 5
3250 5
3251 5
3252 5
3253 5
3254 5
3255 5
3256 5
3257 5
3258 5
3259 5
3260 5
3261 5
3262 5
3263 5
3264 5
3265 5
3266 5
3267 5
3268 5
3269 5
3270 5
3271 5
3272 5
3273 5
3274 5
3275 5
3276 5
3277 5
3278 5
3279 5
3280 5
3281 5
3282 5
3283 5
3284 5
3285 5
3286 5
3287 5
3288 5
3289 5
3290 5
3291 5
3292 5
3293 5
3294 5
3295 5
3296 5
3297 5
3298 5
3299 5
3300 5
3301 5
3302 5
3303 5
3304 5
3305 5
3306 5
3307 5
3308 5
3309 5
3310 5
3311 5
3312 5
3313 5
3314 5
3315 5
3316 5
3317 5
3318 5
3319 5
3320 5
3321 5
3322 5
3323 5
3324 5
3325 5
3326 5
3327 5
3328 5
3329 5
3330 5
3331 5
3332 5
3333 5
3334 5
3335 5
3336 5
3337 5
3338 5
3339 5
3340 5
3341 5
3342 5
3343 5
3344 5
3345 5
3346 5
3347 5
3348 5
3349 5
3350 5
3351 5
3352 5
3353 5
3354 5
3355 5
3356 5
3357 5
3358 5
3359 5
3360 5
3361 5
3362 5
3363 5
3364 5
3365 5
3366 5
3367 5
3368 5
3369 5
3370 5
3371 5
3372 5
3373 5
3374 5
3375 5
3376 5
3377 5
3378 5
3379 5
3380 5
3381 5
3382 5
3383 5
3384 5
3385 5
3386 5
3387 5
3388 5
3389 5
3390 5
3391 5
3392 5
3393 5
3394 5
3395 5
3396 5
3397 5
3398 5
3399 5
3400 5
3401 5
3402 5
3403 5
3404 5
3405 5
3406 5
3407 5
3408 5
3409 5
3410 5
3411 5
3412 5
3413 5
3414 5
3415 5
3416 5
3417 5
3418 5
3419 5
3420 5
3421 5
3422 5
3423 5
3424 5
3425 5
3426 5
3427 5
3428 5
3429 5
3430 5
3431 5
3432 5
3433 5
3434 5
3435 5
3436 5
3437 5
3438 5
3439 5
3440 5
3441 5
3442 5
3443 5
3444 5
3445 5
3446 5
3447 5
3448 5
3449 5
3450 5
3451 5
3452 5
3453 5
3454 5
3455 5
3456 5
3457 5
3458 5
3459 5
3460 5
3461 5
3462 5
3463 5
3464 5
3465 5
3466 5
3467 5
3468 5
3469 5
3470 5
3471 5
3472 5
3473 5
3474 5
3475 5
3476 5
3477 5
3478 5
3479 5
3480 5
3481 5
3482 5
3483 5
3484 5
3485 5
3486 5
3487 5
3488 5
3489 5
3490 5
3491 5
3492 5
3493 5
3494 5
3495 5
3496 5
3497 5
3498 5
3499 5
3500 5
3501 5
3502 5
3503 5
3504 5
3505 5
3506 5
3507 5
3508 5
3509 5
3510 5
3511 5
3512 5
3513 5
3514 5
3515 5
3516 5
3517 5
3518 5
3519 5
3520 5
3521 5
3522 5
3523 5
3524 5
3525 5
3526 5
3527 5
3528 5
3529 5
3530 5
3531 5
3532 5
3533 5
3534 5
3535 5
3536 5
3537 5
3538 5
3539 5
3540 5
3541 5
3542 5
3543 5
3544 5
3545 5
3546 5
3547 5
3548 5
3549 5
3550 5
3551 5
3552 5
3553 5
3554 5
3555 5
3556 5
3557 5
3558 5
3559 5
3560 5
3561 5
3562 5
3563 5
3564 5
3565 5
3566 5
3567 5
3568 5
3569 5
3570 5
3571 5
3572 5
3573 5
3574 5
3575 5
3576 5
3577 5
3578 5
3579 5
3580 5
3581 5
3582 5
3583 5
3584 5
3585 5
3586 5
3587 5
3588 5
3589 5
3590 5
3591 5
3592 5
3593 5
3594 5
3595 5
3596 5
3597 5
3598 5
3599 5
3600 5
3601 5
3602 5
3603 5
3604 5
3605 5
3606 5
3607 5
3608 5
3609 5
3610 5
3611 5
3612 5
3613 5
3614 5
3615 5
3616 5
3617 5
3618 5
3619 5
3620 5
3621 5
3622 5
3623 5
3624 5
3625 5
3626 5
3627 5
3628 5
3629 5
3630 5
3631 5
3632 5
3633 5
3634 5
3635 5
3636 5
3637 5
3638 5
3639 5
3640 5
3641 5
3642 5
3643 5
3644 5
3645 5
3646 5
3647 5
3648 5
3649 5
3650 5
3651 5
3652 5
3653 5
3654 5
3655 5
3656 5
3657 5
3658 5
3659 5
3660 5
3661 5
3662 5
3663 5
3664 5
3665 5
3666 5
3667 5
3668 5
3669 5
3670 5
3671 5
3672 5
3673 5
3674 5
3675 5
3676 5
3677 5
3678 5
3679 5
3680 5
3681 5
3682 5
3683 5
3684 5
3685 5
3686 5
3687 5
3688 5
3689 5
3690 5
3691 5
3692 5
3693 5
3694 5
3695 5
3696 5
3697 5
3698 5
3699 5
3700 5
3701 5
3702 5
3703 5
3704 5
3705 5
3706 5
3707 5
3708 5
3709 5
3710 5
3711 5
3712 5
3713 5
3714 5
3715 5
3716 5
3717 5
3718 5
3719 5
3720 5
3721 5
3722 5
3723 5
3724 5
3725 5
3726 5
3727 5
3728 5
3729 5
3730 5
3731 5
3732 5
3733 5
3734 5
3735 5
3736 5
3737 5
3738 5
3739 5
3740 5
3741 5
3742 5
3743 5
3744 5
3745 5
3746 5
3747 5
3748 5
3749 5
3750 5
3751 5
3752 5
3753 5
3754 5
3755 5
3756 5
3757 5
3758 5
3759 5
3760 5
3761 5
3762 5
3763 5
3764 5
3765 5
3766 5
3767 5
3768 5
3769 5
3770 5
3771 5
3772 5
3773 5
3774 5
3775 5
3776 5
3777 5
3778 5
3779 5
3780 5
3781 5
3782 5
3783 5
3784 5
3785 5
3786 5
3787 5
3788 5
3789 5
3790 5
3791 5
3792 5
3793 5
3794 5
3795 5
3796 5
3797 5
3798 5
3799 5
3800 5
3801 5
3802 5
3803 5
3804 5
3805 5
3806 5
3807 5
3808 5
3809 5
3810 5
3811 5
3812 5
3813 5
3814 5
3815 5
3816 5
3817 5
3818 5
3819 5
3820 5
3821 5
3822 5
3823 5
3824 5
3825 5
3826 5
3827 5
3828 5
3829 5
3830 5
3831 5
3832 5
3833 5
3834 5
3835 5
3836 5
3837 5
3838 5
3839 5
3840 5
3841 5
3842 5
3843 5
3844 5
3845 5
3846 5
3847 5
3848 5
3849 5
3850 5
3851 5
3852 5
3853 5
3854 5
3855 5
3856 5
3857 5
3858 5
3859 5
3860 5
3861 5
3862 5
3863 5
3864 5
3865 5
3866 5
3867 5
3868 5
3869 5
3870 5
3871 5
3872 5
3873 5
3874 5
3875 5
3876 5
3877 5
3878 5
3879 5
3880 5
3881 5
3882 5
3883 5
3884 5
3885 5
3886 5
3887 5
3888 5
3889 5
3890 5
3891 5
3892 5
3893 5
3894 5
3895 5
3896 5
3897 5
3898 5
3899 5
3900 5
3901 5
3902 5
3903 5
3904 5
3905 5
3906 5
3907 5
3908 5
3909 5
3910 5
3911 5
3912 5
3913 5
3914 5
3915 5
3916 5
3917 5
3918 5
3919 5
3920 5
3921 5
3922 5
3923 5
3924 5
3925 5
3926 5
3927 5
3928 5
3929 5
3930 5
3931 5
3932 5
3933 5
3934 5
3935 5
3936 5
3937 5
3938 5
3939 5
3940 5
3941 5
3942 5
3943 5
3944 5
3945 5
3946 5
3947 5
3948 5
3949 5
3950 5
3951 5
3952 5
3953 5
3954 5
3955 5
3956 5
3957 5
3958 5
3959 5
3960 5
3961 5
3962 5
3963 5
3964 5
3965 5
3966 5
3967 5
3968 5
3969 5
3970 5
3971 5
3972 5
3973 5
3974 5
3975 5
3976 5
3977 5
3978 5
3979 5
3980 5
3981 5
3982 5
3983 5
3984 5
3985 5
3986 5
3987 5
3988 5
3989 5
3990 5
3991 5
3992 5
3993 5
3994 5
3995 5
3996 5
3997 5
3998 5
3999 5
4000 5
4001 5
4002 5
4003 5
4004 5
4005 5
4006 5
4007 5
4008 5
4009 5
4010 5
4011 5
4012 5
4013 5
4014 5
4015 5
4016 5
4017 5
4018 5
4019 5
4020 5
4021 5
4022 5
4023 5
4024 5
4025 5
4026 5
4027 5
4028 5
4029 5
4030 5
4031 5
4032 5
4033 5
4034 5
4035 5
4036 5
4037 5
4038 5
4039 5
4040 5
4041 5
4042 5
4043 5
4044 5
4045 5
4046 5
4047 5
4048 5
4049 5
4050 5
4051 5
4052 5
4053 5
4054 5
4055 5
4056 5
4057 5
4058 5
4059 5
4060 5
4061 5
4062 5
4063 5
4064 5
4065 5
4066 5
4067 5
4068 5
4069 5
4070 5
4071 5
4072 5
4073 5
4074 5
4075 5
4076 5
4077 5
4078 5
4079 5
4080 5
4081 5
4082 5
4083 5
4084 5
4085 5
4086 5
4087 5
4088 5
4089 5
4090 5
4091 5
4092 5
4093 5
4094 5
4095 5
4096 5
4097 5
4098 5
4099 5
4100 5
4101 5
4102 5
4103 5
4104 5
4105 5
4106 5
4107 5
4108 5
4109 5
4110 5
4111 5
4112 5
4113 5
4114 5
4115 5
4116 5
4117 5
4118 5
4119 5
4120 5
4121 5
4122 5
4123 5
4124 5
4125 5
4126 5
4127 5
4128 5
4129 5
4130 5
4131 5
4132 5
4133 5
4134 5
4135 5
4136 5
4137 5
4138 5
4139 5
4140 5
4141 5
4142 5
4143 5
4144 5
4145 5
4146 5
4147 5
4148 5
4149 5
4150 5
4151 5
4152 5
4153 5
4154 5
4155 5
4156 5
4157 5
4158 5
4159 5
4160 5
4161 5
4162 5
4163 5
4164 5
4165 5
4166 5
4167 5
4168 5
4169 5
4170 5
4171 5
4172 5
4173 5
4174 5
4175 5
4176 5
4177 5
4178 5
4179 5
4180 5
4181 5
4182 5
4183 5
4184 5
4185 5
4186 5
4187 5
4188 5
4189 5
4190 5
4191 5
4192 5
4193 5
4194 5
4195 5
4196 5
4197 5
4198 5
4199 5
4200 5
4201 5
4202 5
4203 5
4204 5
4205 5
4206 5
4207 5
4208 5
4209 5
4210 5
4211 5
4212 5
4213 5
4214 5
4215 5
4216 5
4217 5
4218 5
4219 5
4220 5
4221 5
4222 5
4223 5
4224 5
4225 5
4226 5
4227 5
4228 5
4229 5
4230 5
4231 5
4232 5
4233 5
4234 5
4235 5
4236 5
4237 5
4238 5
4239 5
4240 5
4241 5
4242 5
4243 5
4244 5
4245 5
4246 5
4247 5
4248 5
4249 5
4250 5
4251 5
4252 5
4253 5
4254 5
4255 5
4256 5
4257 5
4258 5
4259 5
4260 5
4261 5
4262 5
4263 5
4264 5
4265 5
4266 5
4267 5
4268 5
4269 5
4270 5
4271 5
4272 5
4273 5
4274 5
4275 5
4276 5
4277 5
4278 5
4279 5
4280 5
4281 5
4282 5
4283 5
4284 5
4285 5
4286 5
4287 5
4288 5
4289 5
4290 5
4291 5
4292 5
4293 5
4294 5
4295 5
4296 5
4297 5
4298 5
4299 5
4300 5
4301 5
4302 5
4303 5
4304 5
4305 5
4306 5
4307 5
4308 5
4309 5
4310 5
4311 5
4312 5
4313 5
4314 5
4315 5
4316 5
4317 5
4318 5
4319 5
4320 5
4321 5
4322 5
4323 5
4324 5
4325 5
4326 5
4327 5
4328 5
4329 5
4330 5
4331 5
4332 5
4333 5
4334 5
4335 5
4336 5
4337 5
4338 5
4339 5
4340 5
4341 5
4342 5
4343 5
4344 5
4345 5
4346 5
4347 5
4348 5
4349 5
4350 5
4351 5
4352 5
4353 5
4354 5
4355 5
4356 5
4357 5
4358 5
4359 5
4360 5
4361 5
4362 5
4363 5
4364 5
4365 5
4366 5
4367 5
4368 5
4369 5
4370 5
4371 5
4372 5
4373 5
4374 5
4375 5
4376 5
4377 5
4378 5
4379 5
4380 5
4381 5
4382 5
4383 5
4384 5
4385 5
4386 5
4387 5
4388 5
4389 5
4390 5
4391 5
4392 5
4393 5
4394 5
4395 5
4396 5
4397 5
4398 5
4399 5
4400 5
4401 5
4402 5
4403 5
4404 5
4405 5
4406 5
4407 5
4408 5
4409 5
4410 5
4411 5
4412 5
4413 5
4414 5
4415 5
4416 5
4417 5
4418 5
4419 5
4420 5
4421 5
4422 5
4423 5
4424 5
4425 5
4426 5
4427 5
4428 5
4429 5
4430 5
4431 5
4432 5
4433 5
4434 5
4435 5
4436 5
4437 5
4438 5
4439 5
4440 5
4441 5
4442 5
4443 5
4444 5
4445 5
4446 5
4447 5
4448 5
4449 5
4450 5
4451 5
4452 5
4453 5
4454 5
4455 5
4456 5
4457 5
4458 5
4459 5
4460 5
4461 5
4462 5
4463 5
4464 5
4465 5
4466 5
4467 5
4468 5
4469 5
4470 5
4471 5
4472 5
4473 5
4474 5
4475 5
4476 5
4477 5
4478 5
4479 5
4480 5
4481 5
4482 5
4483 5
4484 5
4485 5
4486 5
4487 5
4488 5
4489 5
4490 5
4491 5
4492 5
4493 5
4494 5
4495 5
4496 5
4497 5
4498 5
4499 5
4500 5
4501 5
4502 5
4503 5
4504 5
4505 5
4506 5
4507 5
4508 5
4509 5
4510 5
4511 5
4512 5
4513 5
4514 5
4515 5
4516 5
4517 5
4518 5
4519 5
4520 5
4521 5
4522 5
4523 5
4524 5
4525 5
4526 5
4527 5
4528 5
4529 5
4530 5
4531 5
4532 5
4533 5
4534 5
4535 5
4536 5
4537 5
4538 5
4539 5
4540 5
4541 5
4542 5
4543 5
4544 5
4545 5
4546 5
4547 5
4548 5
4549 5
4550 5
4551 5
4552 5
4553 5
4554 5
4555 5
4556 5
4557 5
4558 5
4559 5
4560 5
4561 5
4562 5
4563 5
4564 5
4565 5
4566 5
4567 5
4568 5
4569 5
4570 5
4571 5
4572 5
4573 5
4574 5
4575 5
4576 5
4577 5
4578 5
4579 5
4580 5
4581 5
4582 5
4583 5
4584 5
4585 5
4586 5
4587 5
4588 5
4589 5
4590 5
4591 5
4592 5
4593 5
4594 5
4595 5
4596 5
4597 5
4598 5
4599 5
4600 5
4601 5
4602 5
4603 5
4604 5
4605 5
4606 5
4607 5
4608 5
4609 5
4610 5
4611 5
4612 5
4613 5
4614 5
4615 5
4616 5
4617 5
4618 5
4619 5
4620 5
4621 5
4622 5
4623 5
4624 5
4625 5
4626 5
4627 5
4628 5
4629 5
4630 5
4631 5
4632 5
4633 5
4634 5
4635 5
4636 5
4637 5
4638 5
4639 5
4640 5
4641 5
4642 5
4643 5
4644 5
4645 5
4646 5
4647 5
4648 5
4649 5
4650 5
4651 5
4652 5
4653 5
4654 5
4655 5
4656 5
4657 5
4658 5
4659 5
4660 5
4661 5
4662 5
4663 5
4664 5
4665 5
4666 5
4667 5
4668 5
4669 5
4670 5
4671 5
4672 5
4673 5
4674 5
4675 5
4676 5
4677 5
4678 5
4679 5
4680 5
4681 5
4682 5
4683 5
4684 5
4685 5
4686 5
4687 5
4688 5
4689 5
4690 5
4691 5
4692 5
4693 5
4694 5
4695 5
4696 5
4697 5
4698 5
4699 5
4700 5
4701 5
4702 5
4703 5
4704 5
4705 5
4706 5
4707 5
4708 5
4709 5
4710 2
4711 2
4712 2
4713 2
4714 2
4715 2
4716 2
4717 2
4718 2
4719 2
4720 2
4721 2
4722 2
4723 2
4724 2
4725 2
4726 2
4727 2
4728 2
4729 2
4730 2
4731 2
4732 2
4733 2
4734 2
4735 2
4736 2
4737 2
4738 2
4739 2
4740 2
4741 2
4742 2
4743 2
4744 2
4745 2
4746 2
4747 2
4748 2
4749 2
4750 2
4751 2
4752 2
4753 2
4754 2
4755 2
4756 2
4757 2
4758 2
4759 2
4760 2
4761 2
4762 2
4763 2
4764 2
4765 2
4766 2
4767 2
4768 2
4769 2
4770 2
4771 2
4772 2
4773 2
4774 2
4775 2
4776 2
4777 2
4778 2
4779 2
4780 2
4781 2
4782 2
4783 2
4784 2
4785 2
4786 2
4787 2
4788 2
4789 2
4790 2
4791 2
4792 2
4793 2
4794 2
4795 2
4796 2
4797 2
4798 2
4799 2
4800 2
4801 2
4802 2
4803 2
4804 2
4805 2
4806 2
4807 2
4808 2
4809 2
4810 2
4811 2
4812 2
4813 2
4814 2
4815 2
4816 2
4817 2
4818 2
4819 2
4820 2
4821 2
4822 2
4823 2
4824 2
4825 2
4826 2
4827 2
4828 2
4829 2
4830 2
4831 2
4832 2
4833 2
4834 2
4835 2
4836 2
4837 2
4838 2
4839 2
4840 2
4841 2
4842 2
4843 2
4844 2
4845 2
4846 2
4847 2
4848 2
4849 2
4850 2
4851 2
4852 2
4853 2
4854 2
4855 2
4856 2
4857 2
4858 2
4859 2
4860 2
4861 2
4862 2
4863 2
4864 2
4865 2
4866 2
4867 2
4868 2
4869 2
4870 2
4871 2
4872 2
4873 2
4874 2
4875 2
4876 2
4877 2
4878 2
4879 2
4880 2
4881 2
4882 2
4883 2
4884 2
4885 2
4886 2
4887 2
4888 2
4889 2
4890 2
4891 2
4892 2
4893 2
4894 2
4895 2
4896 2
4897 2
4898 2
4899 2
4900 2
4901 2
4902 2
4903 2
4904 2
4905 2
4906 2
4907 2
4908 2
4909 2
4910 2
4911 2
4912 2
4913 2
4914 2
4915 2
4916 2
4917 2
4918 2
4919 2
4920 2
4921 2
4922 2
4923 2
4924 2
4925 2
4926 2
4927 2
4928 2
4929 2
4930 2
4931 2
4932 2
4933 2
4934 2
4935 2
4936 2
4937 2
4938 2
4939 2
4940 2
4941 2
4942 2
4943 2
4944 2
4945 2
4946 2
4947 2
4948 2
4949 2
4950 2
4951 2
4952 2
4953 2
4954 2
4955 2
4956 2
4957 2
4958 2
4959 2
4960 2
4961 2
4962 2
4963 2
4964 2
4965 2
4966 2
4967 2
4968 2
4969 2
4970 2
4971 2
4972 2
4973 2
4974 2
4975 2
4976 2
4977 2
4978 2
4979 2
4980 2
4981 2
4982 2
4983 2
4984 2
4985 2
4986 2
4987 2
4988 2
4989 2
4990 2
4991 2
4992 2
4993 2
4994 2
4995 2
4996 2
4997 2
4998 2
4999 2
5000 2
5001 2
5002 2
5003 2
5004 2
5005 2
5006 2
5007 2
5008 2
5009 2
5010 2
5011 2
5012 2
5013 2
5014 2
5015 5
5016 5
5017 5
5018 5
5019 5
5020 5
5021 5
5022 5
5023 5
5024 5
5025 5
5026 5
5027 5
5028 5
5029 5
5030 5
5031 5
5032 5
5033 5
5034 5
5035 5
5036 5
5037 5
5038 5
5039 5
5040 5
5041 5
5042 5
5043 5
5044 5
5045 5
5046 5
5047 5
5048 5
5049 5
5050 5
5051 5
5052 5
5053 5
5054 5
5055 5
5056 5
5057 5
5058 5
5059 5
5060 5
5061 5
5062 5
5063 5
5064 5
5065 5
5066 5
5067 5
5068 5
5069 5
5070 5
5071 5
5072 5
5073 5
5074 5
5075 5
5076 5
5077 5
5078 5
5079 5
5080 5
5081 5
5082 5
5083 5
5084 5
5085 5
5086 5
5087 5
5088 5
5089 5
5090 5
5091 5
5092 5
5093 5
5094 5
5095 5
5096 5
5097 5
5098 5
5099 5
5100 5
5101 5
5102 5
5103 5
5104 5
5105 5
5106 5
5107 5
5108 5
5109 5
5110 5
5111 5
5112 5
5113 5
5114 5
5115 5
5116 5
5117 5
5118 5
5119 5
5120 5
5121 5
5122 5
5123 5
5124 5
5125 5
5126 5
5127 5
5128 5
5129 5
5130 5
5131 5
5132 5
5133 5
5134 5
5135 5
5136 5
5137 5
5138 5
5139 5
5140 5
5141 5
5142 5
5143 5
5144 5
5145 5
5146 5
5147 5
5148 5
5149 5
5150 5
5151 5
5152 5
5153 5
5154 5
5155 5
5156 5
5157 5
5158 5
5159 5
5160 5
5161 5
5162 5
5163 5
5164 5
5165 5
5166 5
5167 5
5168 5
5169 5
5170 5
5171 5
5172 5
5173 5
5174 5
5175 5
5176 5
5177 5
5178 5
5179 5
5180 5
5181 5
5182 5
5183 5
5184 5
5185 5
5186 5
5187 5
5188 5
5189 5
5190 5
5191 5
5192 5
5193 5
5194 5
5195 5
5196 5
5197 5
5198 5
5199 5
5200 5
5201 5
5202 5
5203 5
5204 5
5205 5
5206 5
5207 5
5208 5
5209 5
5210 5
5211 5
5212 5
5213 5
5214 5
5215 5
5216 5
5217 5
5218 5
5219 5
5220 5
5221 5
5222 5
5223 5
5224 5
5225 5
5226 5
5227 5
5228 5
5229 5
5230 5
5231 5
5232 5
5233 5
5234 5
5235 5
5236 5
5237 5
5238 5
5239 5
5240 5
5241 5
5242 5
5243 5
5244 5
5245 5
5246 5
5247 5
5248 5
5249 5
5250 5
5251 5
5252 5
5253 5
5254 5
5255 5
5256 5
5257 5
5258 5
5259 5
5260 5
5261 5
5262 5
5263 5
5264 5
5265 5
5266 5
5267 5
5268 5
5269 5
5270 5
5271 5
5272 5
5273 5
5274 5
5275 5
5276 5
5277 5
5278 5
5279 5
5280 5
5281 5
5282 5
5283 5
5284 5
5285 5
5286 5
5287 5
5288 5
5289 5
5290 5
5291 5
5292 5
5293 5
5294 5
5295 5
5296 5
5297 5
5298 5
5299 5
5300 5
5301 5
5302 5
5303 5
5304 5
5305 5
5306 5
5307 5
5308 5
5309 5
5310 5
5311 5
5312 5
5313 5
5314 5
5315 5
5316 5
5317 5
5318 5
5319 5
5320 5
5321 5
5322 5
5323 5
5324 5
5325 5
5326 5
5327 5
5328 5
5329 5
5330 5
5331 5
5332 5
5333 5
5334 5
5335 5
5336 5
5337 5
5338 5
5339 5
5340 5
5341 5
5342 5
5343 5
5344 5
5345 5
5346 5
5347 5
5348 5
5349 5
5350 5
5351 5
5352 5
5353 5
5354 5
5355 5
5356 5
5357 5
5358 5
5359 5
5360 5
5361 5
5362 5
5363 5
5364 5
5365 5
5366 5
5367 5
5368 5
5369 5
5370 5
5371 5
5372 5
5373 5
5374 5
5375 5
5376 5
5377 5
5378 5
5379 5
5380 5
5381 5
5382 5
5383 5
5384 5
5385 5
5386 5
5387 5
5388 5
5389 5
5390 5
5391 5
5392 5
5393 5
5394 5
5395 5
5396 5
5397 5
5398 5
5399 5
5400 5
5401 5
5402 5
5403 5
5404 5
5405 5
5406 5
5407 5
5408 5
5409 5
5410 5
5411 5
5412 5
5413 5
5414 5
5415 5
5416 5
5417 5
5418 5
5419 5
5420 5
5421 5
5422 5
5423 5
5424 5
5425 5
5426 5
5427 5
5428 5
5429 5
5430 5
5431 5
5432 5
5433 5
5434 5
5435 5
5436 5
5437 5
5438 5
5439 5
5440 5
5441 5
5442 5
5443 5
5444 5
5445 5
5446 5
5447 5
5448 5
5449 5
5450 5
5451 5
5452 5
5453 5
5454 5
5455 5
5456 5
5457 5
5458 5
5459 5
5460 5
5461 5
5462 5
5463 5
5464 5
5465 5
5466 5
5467 5
5468 5
5469 5
5470 5
5471 5
5472 5
5473 5
5474 5
5475 5
5476 5
5477 5
5478 5
5479 5
5480 5
5481 5
5482 5
5483 5
5484 5
5485 5
5486 5
5487 5
5488 5
5489 5
5490 5
5491 5
5492 5
5493 5
5494 5
5495 5
5496 5
5497 5
5498 5
5499 5
5500 5
5501 5
5502 5
5503 5
5504 5
5505 5
5506 3
5507 3
5508 3
5509 3
5510 3
5511 3
5512 3
5513 3
5514 3
5515 3
5516 3
5517 3
5518 3
5519 3
5520 3
5521 3
5522 3
5523 3
5524 3
5525 3
5526 3
5527 3
5528 3
5529 3
5530 3
5531 3
5532 3
5533 3
5534 3
5535 3
5536 3
5537 3
5538 3
5539 3
5540 3
5541 3
5542 3
5543 3
5544 3
5545 3
5546 3
5547 3
5548 3
5549 3
5550 3
5551 3
5552 3
5553 3
5554 3
5555 3
5556 3
5557 3
5558 3
5559 3
5560 3
5561 3
5562 3
5563 3
5564 3
5565 3
5566 3
5567 3
5568 3
5569 3
5570 3
5571 3
5572 3
5573 3
5574 3
5575 3
5576 3
5577 3
5578 3
5579 3
5580 3
5581 3
5582 3
5583 3
5584 3
5585 3
5586 3
5587 3
5588 3
5589 3
5590 3
5591 3
5592 3
5593 3
5594 3
5595 3
5596 3
5597 3
5598 3
5599 3
5600 3
5601 3
5602 3
5603 3
5604 3
5605 3
5606 3
5607 3
5608 3
5609 3
5610 3
5611 3
5612 3
5613 3
5614 3
5615 3
5616 3
5617 3
5618 3
5619 3
5620 3
5621 3
5622 3
5623 3
5624 3
5625 3
5626 3
5627 3
5628 3
5629 3
5630 3
5631 3
5632 3
5633 3
5634 3
5635 3
5636 3
5637 3
5638 3
5639 3
5640 3
5641 3
5642 3
5643 3
5644 3
5645 3
5646 3
5647 3
5648 3
5649 3
5650 3
5651 3
5652 3
5653 3
5654 3
5655 3
5656 3
5657 3
5658 3
5659 3
5660 3
5661 3
5662 3
5663 3
5664 3
5665 3
5666 3
5667 3
5668 3
5669 3
5670 3
5671 3
5672 3
5673 3
5674 3
5675 3
5676 3
5677 3
5678 3
5679 3
5680 3
5681 3
5682 3
5683 3
5684 3
5685 3
5686 3
5687 3
5688 3
5689 3
5690 3
5691 3
5692 3
5693 3
5694 3
5695 3
5696 3
5697 3
5698 3
5699 3
5700 3
5701 3
5702 3
5703 3
5704 3
5705 3
5706 3
5707 3
5708 3
5709 3
5710 3
5711 3
5712 3
5713 3
5714 3
5715 3
5716 3
5717 3
5718 3
5719 3
5720 3
5721 3
5722 3
5723 3
5724 3
5725 3
5726 3
5727 3
5728 3
5729 3
5730 3
5731 3
5732 3
5733 3
5734 3
5735 3
5736 3
5737 3
5738 3
5739 3
5740 3
5741 3
5742 3
5743 3
5744 3
5745 3
5746 3
5747 3
5748 3
5749 3
5750 3
5751 3
5752 3
5753 3
5754 3
5755 3
5756 3
5757 3
5758 3
5759 3
5760 3
5761 3
5762 3
5763 3
5764 3
5765 3
5766 3
5767 3
5768 3
5769 3
5770 3
5771 3
5772 3
5773 3
5774 3
5775 3
5776 3
5777 3
5778 3
5779 3
5780 3
5781 3
5782 3
5783 3
5784 3
5785 3
5786 3
5787 3
5788 3
5789 3
5790 3
5791 3
5792 3
5793 3
5794 3
5795 3
5796 3
5797 3
5798 3
5799 3
5800 3
5801 3
5802 3
5803 3
5804 3
5805 3
5806 3
5807 3
5808 3
5809 3
5810 3
5811 3
5812 3
5813 3
5814 3
5815 3
5816 3
5817 3
5818 3
5819 3
5820 3
5821 3
5822 3
5823 3
5824 3
5825 3
5826 3
5827 3
5828 3
5829 3
5830 3
5831 3
5832 3
5833 3
5834 3
5835 3
5836 3
5837 3
5838 3
5839 3
5840 3
5841 3
5842 3
5843 3
5844 3
5845 3
5846 3
5847 3
5848 3
5849 3
5850 3
5851 3
5852 3
5853 3
5854 3
5855 3
5856 3
5857 3
5858 3
5859 3
5860 3
5861 3
5862 3
5863 3
5864 3
5865 3
5866 3
5867 3
5868 3
5869 3
5870 3
5871 3
5872 3
5873 3
5874 3
5875 3
5876 3
5877 3
5878 3
5879 3
5880 3
5881 3
5882 3
5883 3
5884 3
5885 3
5886 3
5887 3
5888 3
5889 3
5890 3
5891 3
5892 3
5893 3
5894 3
5895 3
5896 3
5897 3
5898 3
5899 3
5900 3
5901 3
5902 3
5903 3
5904 3
5905 3
5906 3
5907 3
5908 3
5909 3
5910 3
5911 3
5912 3
5913 3
5914 3
5915 3
5916 3
5917 3
5918 3
5919 3
5920 3
5921 3
5922 3
5923 3
5924 3
5925 3
5926 3
5927 3
5928 3
5929 3
5930 3
5931 3
5932 3
5933 3
5934 3
5935 3
5936 3
5937 3
5938 3
5939 3
5940 3
5941 3
5942 3
5943 3
5944 3
5945 3
5946 3
5947 3
5948 3
5949 3
5950 3
5951 3
5952 3
5953 3
5954 3
5955 3
5956 3
5957 3
5958 3
5959 3
5960 3
5961 3
5962 3
5963 3
5964 3
5965 3
5966 3
5967 3
5968 3
5969 3
5970 3
5971 3
5972 3
5973 3
5974 3
5975 3
5976 3
5977 3
5978 3
5979 3
5980 3
5981 3
5982 3
5983 3
5984 3
5985 3
5986 3
5987 3
5988 3
5989 3
5990 3
5991 3
5992 3
5993 3
5994 3
5995 3
5996 3
5997 3
5998 3
5999 3
6000 3
6001 3
6002 3
6003 3
6004 3
6005 3
6006 3
6007 3
6008 3
6009 3
6010 3
6011 3
6012 3
6013 3
6014 3
6015 3
6016 3
6017 3
6018 3
6019 3
6020 3
6021 3
6022 3
6023 3
6024 3
6025 3
6026 3
6027 3
6028 3
6029 3
6030 3
6031 3
6032 3
6033 3
6034 3
6035 3
6036 3
6037 3
6038 3
6039 3
6040 3
6041 3
6042 3
6043 3
6044 3
6045 3
6046 3
6047 3
6048 3
6049 3
6050 3
6051 3
6052 3
6053 3
6054 3
6055 3
6056 3
6057 3
6058 3
6059 3
6060 3
6061 3
6062 3
6063 3
6064 3
6065 3
6066 3
6067 3
6068 3
6069 3
6070 3
6071 3
6072 3
6073 3
6074 3
6075 3
6076 3
6077 3
6078 3
6079 3
6080 3
6081 3
6082 3
6083 3
6084 3
6085 3
6086 3
6087 3
6088 3
6089 3
6090 3
6091 3
6092 3
6093 3
6094 3
6095 3
6096 3
6097 3
6098 3
6099 3
6100 3
6101 3
6102 3
6103 3
6104 3
6105 3
6106 3
6107 3
6108 3
6109 3
6110 3
6111 3
6112 3
6113 3
6114 3
6115 3
6116 3
6117 3
6118 3
6119 3
6120 3
6121 3
6122 3
6123 3
6124 3
6125 3
6126 3
6127 3
6128 3
6129 3
6130 3
6131 3
6132 3
6133 3
6134 3
6135 3
6136 3
6137 3
6138 3
6139 3
6140 3
6141 3
6142 3
6143 3
6144 3
6145 3
6146 3
6147 3
6148 3
6149 3
6150 3
6151 3
6152 3
6153 3
6154 3
6155 3
6156 3
6157 3
6158 3
6159 3
6160 3
6161 3
6162 3
6163 3
6164 3
6165 3
6166 3
6167 3
6168 3
6169 3
6170 3
6171 3
6172 3
6173 3
6174 3
6175 3
6176 3
6177 3
6178 3
6179 3
6180 3
6181 3
6182 3
6183 3
6184 3
6185 3
6186 3
6187 3
6188 3
6189 3
6190 3
6191 3
6192 3
6193 3
6194 3
6195 5
6196 5
6197 5
6198 5
6199 5
6200 5
6201 5
6202 5
6203 5
6204 5
6205 5
6206 5
6207 5
6208 5
6209 5
6210 5
6211 5
6212 5
6213 5
6214 5
6215 5
6216 5
6217 5
6218 5
6219 5
6220 5
6221 5
6222 5
6223 5
6224 5
6225 5
6226 5
6227 5
6228 5
6229 5
6230 5
6231 5
6232 5
6233 5
6234 5
6235 5
6236 5
6237 5
6238 5
6239 5
6240 5
6241 5
6242 5
6243 5
6244 5
6245 5
6246 5
6247 5
6248 5
6249 5
6250 5
6251 5
6252 5
6253 5
6254 5
6255 5
6256 5
6257 5
6258 5
6259 5
6260 5
6261 5
6262 5
6263 5
6264 5
6265 5
6266 5
6267 5
6268 5
6269 5
6270 5
6271 5
6272 5
6273 5
6274 5
6275 5
6276 5
6277 5
6278 5
6279 5
6280 5
6281 5
6282 5
6283 5
6284 5
6285 5
6286 5
6287 5
6288 5
6289 5
6290 5
6291 5
6292 5
6293 5
6294 5
6295 5
6296 5
6297 5
6298 5
6299 5
6300 5
6301 5
6302 5
6303 5
6304 5
6305 5
6306 5
6307 5
6308 5
6309 5
6310 5
6311 5
6312 5
6313 5
6314 5
6315 5
6316 5
6317 5
6318 5
6319 5
6320 5
6321 5
6322 5
6323 5
6324 5
6325 5
6326 5
6327 5
6328 5
6329 5
6330 5
6331 5
6332 5
6333 5
6334 5
6335 5
6336 5
6337 5
6338 5
6339 5
6340 5
6341 5
6342 5
6343 5
6344 5
6345 5
6346 5
6347 5
6348 5
6349 5
6350 5
6351 5
6352 5
6353 5
6354 5
6355 5
6356 5
6357 5
6358 5
6359 5
6360 5
6361 5
6362 5
6363 5
6364 5
6365 5
6366 5
6367 5
6368 5
6369 5
6370 5
6371 5
6372 5
6373 5
6374 5
6375 5
6376 5
6377 5
6378 5
6379 5
6380 5
6381 5
6382 5
6383 5
6384 5
6385 5
6386 5
6387 5
6388 5
6389 5
6390 5
6391 5
6392 5
6393 5
6394 5
6395 5
6396 5
6397 5
6398 5
6399 5
6400 5
6401 5
6402 5
6403 5
6404 5
6405 5
6406 5
6407 5
6408 5
6409 5
6410 5
6411 5
6412 5
6413 5
6414 5
6415 5
6416 5
6417 5
6418 5
6419 5
6420 5
6421 5
6422 5
6423 5
6424 5
6425 5
6426 5
6427 5
6428 5
6429 5
6430 5
6431 5
6432 5
6433 5
6434 5
6435 5
6436 5
6437 5
6438 5
6439 5
6440 5
6441 5
6442 5
6443 5
6444 5
6445 5
6446 5
6447 5
6448 5
6449 5
6450 5
6451 5
6452 5
6453 5
6454 5
6455 5
6456 5
6457 5
6458 5
6459 5
6460 5
6461 5
6462 5
6463 5
6464 5
6465 5
6466 5
6467 5
6468 5
6469 5
6470 5
6471 5
6472 5
6473 5
6474 5
6475 5
6476 5
6477 5
6478 5
6479 5
6480 5
6481 5
6482 5
6483 5
6484 5
6485 5
6486 5
6487 5
6488 5
6489 5
6490 5
6491 5
6492 5
6493 5
6494 5
6495 5
6496 5
6497 4
6498 4
6499 4
6500 4
6501 4
6502 4
6503 4
6504 4
6505 4
6506 4
6507 4
6508 4
6509 4
6510 4
6511 4
6512 4
6513 4
6514 4
6515 4
6516 4
6517 4
6518 4
6519 4
6520 4
6521 4
6522 4
6523 4
6524 4
6525 4
6526 4
6527 4
6528 4
6529 4
6530 4
6531 4
6532 4
6533 4
6534 4
6535 4
6536 4
6537 4
6538 4
6539 4
6540 4
6541 4
6542 4
6543 4
6544 4
6545 4
6546 4
6547 4
6548 4
6549 4
6550 4
6551 4
6552 4
6553 4
6554 4
6555 4
6556 4
6557 4
6558 4
6559 4
6560 4
6561 4
6562 4
6563 4
6564 4
6565 4
6566 4
6567 4
6568 4
6569 4
6570 4
6571 4
6572 4
6573 4
6574 4
6575 4
6576 4
6577 4
6578 4
6579 4
6580 4
6581 4
6582 4
6583 4
6584 4
6585 4
6586 4
6587 4
6588 4
6589 4
6590 4
6591 4
6592 4
6593 4
6594 4
6595 4
6596 4
6597 4
6598 4
6599 4
6600 4
6601 4
6602 4
6603 4
6604 4
6605 4
6606 4
6607 4
6608 4
6609 4
6610 4
6611 4
6612 4
6613 4
6614 4
6615 4
6616 4
6617 4
6618 4
6619 4
6620 4
6621 4
6622 4
6623 4
6624 4
6625 4
6626 4
6627 4
6628 4
6629 4
6630 4
6631 4
6632 4
6633 4
6634 4
6635 4
6636 4
6637 4
6638 4
6639 4
6640 4
6641 4
6642 4
6643 4
6644 4
6645 4
6646 4
6647 4
6648 4
6649 4
6650 4
6651 4
6652 4
6653 4
6654 4
6655 4
6656 4
6657 4
6658 4
6659 4
6660 4
6661 4
6662 4
6663 4
6664 4
6665 4
6666 4
6667 4
6668 4
6669 4
6670 4
6671 4
6672 4
6673 4
6674 4
6675 4
6676 4
6677 4
6678 4
6679 4
6680 4
6681 4
6682 4
6683 4
6684 4
6685 4
6686 4
6687 4
6688 4
6689 4
6690 4
6691 4
6692 4
6693 4
6694 4
6695 4
6696 4
6697 4
6698 4
6699 4
6700 4
6701 4
6702 4
6703 4
6704 4
6705 4
6706 4
6707 4
6708 4
6709 4
6710 4
6711 4
6712 4
6713 4
6714 4
6715 4
6716 4
6717 4
6718 4
6719 4
6720 4
6721 4
6722 4
6723 4
6724 4
6725 4
6726 4
6727 4
6728 4
6729 4
6730 4
6731 4
6732 4
6733 4
6734 4
6735 4
6736 4
6737 4
6738 4
6739 4
6740 4
6741 4
6742 4
6743 4
6744 4
6745 4
6746 4
6747 4
6748 4
6749 4
6750 4
6751 4
6752 4
6753 4
6754 4
6755 4
6756 4
6757 4
6758 4
6759 4
6760 4
6761 4
6762 4
6763 4
6764 4
6765 4
6766 4
6767 4
6768 4
6769 4
6770 4
6771 4
6772 4
6773 4
6774 4
6775 4
6776 4
6777 4
6778 4
6779 4
6780 4
6781 4
6782 4
6783 4
6784 4
6785 4
6786 4
6787 4
6788 4
6789 4
6790 4
6791 4
6792 4
6793 4
6794 4
6795 4
6796 4
6797 4
6798 4
6799 4
6800 4
6801 4
6802 4
6803 4
6804 4
6805 4
6806 4
6807 4
6808 4
6809 4
6810 4
6811 4
6812 4
6813 4
6814 4
6815 4
6816 4
6817 4
6818 4
6819 4
6820 4
6821 4
6822 4
6823 4
6824 4
6825 4
6826 4
6827 4
6828 4
6829 4
6830 4
6831 4
6832 4
6833 4
6834 4
6835 4
6836 4
6837 4
6838 4
6839 4
6840 4
6841 4
6842 4
6843 4
6844 4
6845 4
6846 4
6847 4
6848 4
6849 4
6850 4
6851 4
6852 4
6853 4
6854 4
6855 4
6856 4
6857 4
6858 4
6859 4
6860 4
6861 4
6862 4
6863 4
6864 4
6865 4
6866 4
6867 4
6868 4
6869 4
6870 4
6871 4
6872 4
6873 4
6874 4
6875 4
6876 4
6877 4
6878 4
6879 4
6880 4
6881 4
6882 4
6883 4
6884 4
6885 4
6886 4
6887 4
6888 4
6889 4
6890 4
6891 4
6892 4
6893 4
6894 4
6895 4
6896 4
6897 4
6898 4
6899 4
6900 4
6901 4
6902 4
6903 4
6904 4
6905 4
6906 4
6907 4
6908 4
6909 4
6910 4
6911 4
6912 4
6913 4
6914 4
6915 4
6916 4
6917 4
6918 4
6919 4
6920 4
6921 4
6922 4
6923 4
6924 4
6925 4
6926 4
6927 4
6928 4
6929 4
6930 4
6931 4
6932 4
6933 4
6934 5
6935 5
6936 5
6937 6
6938 6
6939 6
6940 6
6941 6
6942 6
6943 6
6944 6
6945 6
6946 6
6947 6
6948 6
6949 6
6950 6
6951 6
6952 6
6953 6
6954 6
6955 6
6956 6
6957 6
6958 6
6959 6
6960 6
6961 6
6962 6
6963 6
6964 6
6965 6
6966 6
6967 6
6968 6
6969 6
6970 6
6971 6
6972 6
6973 6
6974 6
6975 6
6976 6
6977 6
6978 6
6979 6
6980 6
6981 6
6982 6
6983 6
6984 6
6985 6
6986 6
6987 6
6988 6
6989 6
6990 6
6991 6
6992 6
6993 6
6994 6
6995 6
6996 6
6997 6
6998 6
6999 6
7000 6
7001 6
7002 6
7003 6
7004 6
7005 6
7006 6
7007 6
7008 6
7009 6
7010 6
7011 6
7012 6
7013 6
7014 6
7015 6
7016 6
7017 6
7018 6
7019 6
7020 6
7021 6
7022 6
7023 6
7024 6
7025 6
7026 6
7027 6
7028 6
7029 6
7030 6
7031 6
7032 6
7033 6
7034 6
7035 6
7036 6
7037 6
7038 6
7039 6
7040 6
7041 6
7042 6
7043 6
7044 6
7045 6
7046 6
7047 6
7048 6
7049 6
7050 6
7051 6
7052 6
7053 6
7054 6
7055 6
7056 6
7057 6
7058 6
7059 6
7060 6
7061 6
7062 6
7063 6
7064 6
7065 6
7066 6
7067 6
7068 6
7069 6
7070 6
7071 6
7072 6
7073 6
7074 6
7075 6
7076 6
7077 6
7078 6
7079 6
7080 6
7081 6
7082 6
7083 6
7084 6
7085 6
7086 6
7087 6
7088 6
7089 6
7090 6
7091 6
7092 6
7093 6
7094 6
7095 6
7096 6
7097 6
7098 6
7099 6
7100 6
7101 6
7102 6
7103 6
7104 6
7105 6
7106 6
7107 6
7108 6
7109 6
7110 6
7111 6
7112 6
7113 6
7114 6
7115 6
7116 6
7117 6
7118 6
7119 6
7120 6
7121 6
7122 6
7123 6
7124 6
7125 6
7126 6
7127 6
7128 6
7129 6
7130 6
7131 6
7132 6
7133 6
7134 6
7135 6
7136 6
7137 6
7138 6
7139 6
7140 6
7141 6
7142 6
7143 6
7144 6
7145 6
7146 6
7147 6
7148 6
7149 6
7150 6
7151 6
7152 6
7153 6
7154 6
7155 6
7156 6
7157 6
7158 6
7159 6
7160 6
7161 6
7162 6
7163 6
7164 6
7165 6
7166 6
7167 6
7168 6
7169 6
7170 6
7171 6
7172 6
7173 6
7174 6
7175 6
7176 6
7177 6
7178 6
7179 6
7180 6
7181 6
7182 6
7183 6
7184 6
7185 6
7186 6
7187 6
7188 6
7189 6
7190 6
7191 6
7192 6
7193 6
7194 6
7195 6
7196 6
7197 6
7198 6
7199 6
7200 6
7201 6
7202 6
7203 6
7204 6
7205 6
7206 6
7207 6
7208 6
7209 6
7210 6
7211 6
7212 6
7213 6
7214 6
7215 6
7216 6
7217 6
7218 6
7219 6
7220 6
7221 6
7222 6
7223 6
7224 6
7225 6
7226 6
7227 6
7228 6
7229 6
7230 6
7231 6
7232 6
7233 6
7234 6
7235 6
7236 6
7237 6
7238 6
7239 6
7240 6
7241 6
7242 6
7243 6
7244 6
7245 6
7246 6
7247 6
7248 6
7249 6
7250 6
7251 6
7252 6
7253 6
7254 6
7255 6
7256 6
7257 6
7258 6
7259 6
7260 6
7261 6
7262 6
7263 6
7264 6
7265 6
7266 6
7267 6
7268 6
7269 6
7270 6
7271 6
7272 6
7273 6
7274 6
7275 6
7276 6
7277 6
7278 6
7279 6
7280 6
7281 6
7282 6
7283 6
7284 6
7285 6
7286 6
7287 6
7288 6
7289 6
7290 6
7291 6
7292 6
7293 6
7294 6
7295 6
7296 6
7297 6
7298 6
7299 6
7300 6
7301 6
7302 6
7303 6
7304 6
7305 6
7306 6
7307 6
7308 6
7309 6
7310 6
7311 6
7312 6
7313 6
7314 6
7315 6
7316 6
7317 6
7318 6
7319 6
7320 6
7321 6
7322 6
7323 6
7324 6
7325 6
7326 6
7327 6
7328 6
7329 6
7330 6
7331 6
7332 6
7333 6
7334 6
7335 6
7336 6
7337 6
7338 6
7339 6
7340 6
7341 6
7342 6
7343 6
7344 6
7345 6
7346 6
7347 6
7348 6
7349 6
7350 6
7351 6
7352 6
7353 6
7354 6
7355 6
7356 6
7357 6
7358 6
7359 6
7360 6
7361 6
7362 6
7363 6
7364 6
7365 6
7366 6
7367 6
7368 6
7369 6
7370 6
7371 6
7372 6
7373 6
7374 6
7375 6
7376 6
7377 6
7378 6
7379 6
7380 6
7381 6
7382 6
7383 6
7384 6
7385 6
7386 6
7387 6
7388 6
7389 6
7390 6
7391 6
7392 6
7393 6
7394 6
7395 6
7396 6
7397 6
7398 6
7399 6
7400 6
7401 6
7402 6
7403 6
7404 6
7405 6
7406 6
7407 6
7408 6
7409 6
7410 6
7411 6
7412 6
7413 6
7414 6
7415 6
7416 6
7417 6
7418 6
7419 6
7420 6
7421 6
7422 6
7423 6
7424 6
7425 6
7426 6
7427 6
7428 6
7429 6
7430 6
7431 6
7432 6
7433 6
7434 6
7435 6
7436 6
7437 6
7438 6
7439 6
7440 6
7441 6
7442 6
7443 6
7444 6
7445 6
7446 6
7447 6
7448 6
7449 6
7450 6
7451 6
7452 6
7453 6
7454 6
7455 6
7456 6
7457 6
7458 6
7459 6
7460 6
7461 6
7462 6
7463 6
7464 6
7465 6
7466 6
7467 6
7468 6
7469 6
7470 6
7471 6
7472 6
7473 6
7474 6
7475 6
7476 6
7477 6
7478 6
7479 6
7480 6
7481 6
7482 6
7483 6
7484 6
7485 6
7486 6
7487 6
7488 6
7489 6
7490 6
7491 6
7492 6
7493 6
7494 6
7495 6
7496 6
7497 6
7498 6
7499 6
7500 6
7501 6
7502 6
7503 6
7504 6
7505 6
7506 6
7507 6
7508 6
7509 6
7510 6
7511 6
7512 6
7513 6
7514 6
7515 6
7516 6
7517 6
7518 6
7519 6
7520 6
7521 6
7522 6
7523 6
7524 6
7525 6
7526 6
7527 6
7528 6
7529 6
7530 6
7531 6
7532 6
7533 6
7534 6
7535 6
7536 6
7537 6
7538 6
7539 6
7540 6
7541 6
7542 6
7543 6
7544 6
7545 6
7546 6
7547 6
7548 6
7549 6
7550 6
7551 6
7552 6
7553 6
7554 6
7555 6
7556 6
7557 6
7558 6
7559 6
7560 6
7561 6
7562 6
7563 6
7564 6
7565 6
7566 6
7567 6
7568 6
7569 6
7570 6
7571 6
7572 6
7573 6
7574 6
7575 6
7576 6
7577 6
7578 6
7579 6
7580 6
7581 6
7582 6
7583 6
7584 6
7585 6
7586 6
7587 6
7588 6
7589 6
7590 6
7591 6
7592 6
7593 6
7594 6
7595 6
7596 6
7597 6
7598 6
7599 6
7600 6
7601 6
7602 6
7603 6
7604 6
7605 6
7606 6
7607 6
7608 6
7609 6
7610 6
7611 6
7612 6
7613 6
7614 6
7615 6
7616 6
7617 6
7618 6
7619 6
7620 6
7621 6
7622 6
7623 6
7624 6
7625 6
7626 6
7627 6
7628 6
7629 6
7630 6
7631 6
7632 6
7633 6
7634 6
7635 6
7636 6
7637 6
7638 6
7639 6
7640 6
7641 6
7642 6
7643 6
7644 6
7645 6
7646 6
7647 6
7648 6
7649 6
7650 6
7651 6
7652 6
7653 6
7654 6
7655 6
7656 6
7657 6
7658 6
7659 6
7660 6
7661 6
7662 6
7663 6
7664 6
7665 6
7666 6
7667 6
7668 6
7669 6
7670 6
7671 6
7672 6
7673 6
7674 6
7675 6
7676 6
7677 6
7678 6
7679 6
7680 6
7681 6
7682 6
7683 6
7684 6
7685 6
7686 6
7687 6
7688 6
7689 6
7690 6
7691 6
7692 6
7693 6
7694 6
7695 6
7696 6
7697 6
7698 6
7699 6
7700 6
7701 6
7702 6
7703 6
7704 6
7705 6
7706 6
7707 6
7708 6
7709 6
7710 6
7711 6
7712 6
7713 6
7714 6
7715 6
7716 6
7717 6
7718 6
7719 6
7720 6
7721 6
7722 6
7723 6
7724 6
7725 6
7726 6
7727 6
7728 6
7729 6
7730 6
7731 6
7732 6
7733 6
7734 6
7735 6
7736 6
7737 6
7738 6
7739 6
7740 6
7741 6
7742 6
7743 6
7744 6
7745 6
7746 6
7747 6
7748 6
7749 6
7750 6
7751 6
7752 6
7753 6
7754 6
7755 6
7756 6
7757 6
7758 6
7759 6
7760 6
7761 6
7762 6
7763 6
7764 6
7765 6
7766 6
7767 6
7768 6
7769 6
7770 6
7771 6
7772 6
7773 6
7774 6
7775 6
7776 6
7777 6
7778 6
7779 6
7780 6
7781 6
7782 6
7783 6
7784 6
7785 6
7786 6
7787 6
7788 6
7789 6
7790 6
7791 6
7792 6
7793 6
7794 6
7795 6
7796 6
7797 6
7798 6
7799 6
7800 6
7801 6
7802 6
7803 6
7804 6
7805 6
7806 6
7807 6
7808 6
7809 6
7810 6
7811 6
7812 6
7813 6
7814 6
7815 6
7816 6
7817 6
7818 6
7819 6
7820 6
7821 6
7822 6
7823 6
7824 6
7825 6
7826 6
7827 6
7828 6
7829 6
7830 6
7831 6
7832 6
7833 6
7834 6
7835 6
7836 6
7837 6
7838 6
7839 6
7840 6
7841 6
7842 6
7843 6
7844 6
7845 6
7846 6
7847 6
7848 6
7849 6
7850 6
7851 6
7852 6
7853 6
7854 6
7855 6
7856 6
7857 6
7858 6
7859 6
7860 6
7861 6
7862 6
7863 6
7864 6
7865 6
7866 6
7867 6
7868 6
7869 6
7870 6
7871 6
7872 6
7873 6
7874 6
7875 6
7876 6
7877 6
7878 6
7879 6
7880 6
7881 6
7882 6
7883 6
7884 6
7885 6
7886 6
7887 6
7888 6
7889 6
7890 6
7891 6
7892 6
7893 6
7894 6
7895 6
7896 6
7897 6
7898 6
7899 6
7900 6
7901 6
7902 6
7903 6
7904 6
7905 6
7906 6
7907 6
7908 6
7909 6
7910 6
7911 6
7912 6
7913 6
7914 6
7915 6
7916 6
7917 6
7918 6
7919 6
7920 6
7921 6
7922 6
7923 6
7924 6
7925 6
7926 6
7927 6
7928 6
7929 6
7930 6
7931 6
7932 6
7933 6
7934 6
7935 6
7936 6
7937 6
7938 6
7939 6
7940 6
7941 6
7942 6
7943 6
7944 6
7945 6
7946 6
7947 6
7948 6
7949 6
7950 6
7951 6
7952 6
7953 6
7954 6
7955 6
7956 6
7957 6
7958 6
7959 6
7960 6
7961 6
7962 6
7963 6
7964 6
7965 6
7966 6
7967 6
7968 6
7969 6
7970 6
7971 6
7972 6
7973 6
7974 6
7975 6
7976 6
7977 6
7978 6
7979 6
7980 6
7981 6
7982 6
7983 6
7984 6
7985 6
7986 6
7987 6
7988 6
7989 6
7990 6
7991 6
7992 6
7993 6
7994 6
7995 6
7996 6
7997 6
7998 6
7999 6
8000 6
8001 6
8002 6
8003 6
8004 6
8005 6
8006 6
8007 6
8008 6
8009 6
8010 6
8011 6
8012 6
8013 6
8014 6
8015 6
8016 6
8017 6
8018 6
8019 6
8020 6
8021 6
8022 6
8023 6
8024 6
8025 6
8026 6
8027 6
8028 6
8029 6
8030 6
8031 6
