1 1
2 2
3 3
4 4
5 5
6 4
7 6
8 7
9 2
10 1
11 8
12 9
13 10
14 11
15 12
16 13
17 14
18 15
19 16
20 14
21 17
22 2
23 5
24 10
25 3
26 18
27 1
28 18
29 7
30 16
31 2
32 19
33 10
34 12
35 20
36 2
37 5
38 21
39 2
40 5
41 8
42 16
43 13
44 1
45 7
46 2
47 9
48 2
49 2
50 17
51 17
52 2
53 2
54 11
55 9
56 3
57 9
58 17
59 2
60 9
61 5
62 5
63 2
64 21
65 2
66 3
67 21
68 8
69 9
70 8
71 2
72 5
73 3
74 4
75 10
76 13
77 17
78 21
79 16
80 15
81 21
82 3
83 22
84 8
85 18
86 5
87 21
88 2
89 15
90 1
91 2
92 12
93 13
94 2
95 16
96 2
97 20
98 16
99 11
100 6
101 2
102 5
103 18
104 11
105 12
106 18
107 2
108 15
109 17
110 2
111 3
112 2
113 2
114 20
115 12
116 21
117 10
118 2
119 2
120 22
121 6
122 18
123 19
124 2
125 21
126 21
127 8
128 2
129 2
130 8
131 14
132 12
133 8
134 8
135 11
136 20
137 15
138 2
139 20
140 3
141 2
142 18
143 20
144 12
145 5
146 21
147 11
148 18
149 16
150 4
151 14
152 20
153 6
154 22
155 2
156 8
157 19
158 1
159 7
160 6
161 19
162 5
163 21
164 7
165 20
166 3
167 19
168 11
169 18
170 2
171 11
172 3
173 15
174 22
175 13
176 4
177 4
178 6
179 9
180 19
181 2
182 14
183 11
184 4
185 16
186 12
187 22
188 3
189 13
190 14
191 8
192 15
193 5
194 13
195 17
196 20
197 3
198 4
199 22
200 3
201 22
202 10
203 1
204 6
205 5
206 2
207 17
208 22
209 17
210 14
211 11
212 14
213 2
214 21
215 20
216 10
217 17
218 4
219 6
220 2
221 18
222 5
223 5
224 15
225 14
226 7
227 4
228 1
229 1
230 20
231 16
232 3
233 15
234 12
235 16
236 4
237 16
238 13
239 2
240 16
241 20
242 7
243 6
244 12
245 3
246 9
247 10
248 18
249 4
250 6
251 17
252 11
253 2
254 2
255 8
256 19
257 6
258 1
259 8
260 22
261 6
262 2
263 11
264 17
265 12
266 11
267 18
268 6
269 15
270 12
271 22
272 14
273 4
274 2
275 3
276 12
277 9
278 9
279 4
280 8
281 22
282 12
283 9
284 3
285 16
286 10
287 10
288 7
289 2
290 2
291 2
292 20
293 14
294 2
295 2
296 9
297 21
298 21
299 11
300 14
301 13
302 3
303 1
304 18
305 1
306 7
307 2
308 12
309 15
310 2
311 12
312 8
313 15
314 18
315 5
316 20
317 2
318 5
319 16
320 19
321 22
322 22
323 2
324 7
325 18
326 3
327 7
328 5
329 13
330 16
331 16
332 2
333 5
334 3
335 16
336 10
337 8
338 17
339 19
340 11
341 13
342 2
343 19
344 11
345 11
346 10
347 15
348 17
349 2
350 13
351 12
352 16
353 10
354 19
355 3
356 2
357 16
358 19
359 15
360 22
361 11
362 22
363 9
364 20
365 18
366 22
367 5
368 4
369 10
370 12
371 6
372 2
373 18
374 21
375 17
376 13
377 21
378 22
379 5
380 9
381 20
382 20
383 2
384 12
385 15
386 10
387 7
388 2
389 16
390 19
391 14
392 21
393 7
394 1
395 18
396 17
397 2
398 13
399 20
400 6
401 21
402 18
403 13
404 3
405 8
406 8
407 8
408 1
409 16
410 15
411 4
412 3
413 5
414 12
415 15
416 7
417 10
418 20
419 5
420 17
421 13
422 14
423 14
424 4
425 2
426 1
427 8
428 14
429 20
430 11
431 4
432 8
433 21
434 9
435 15
436 6
437 3
438 4
439 14
440 21
441 17
442 9
443 19
444 1
445 9
446 15
447 11
448 17
449 16
450 6
451 4
452 4
453 2
454 8
455 13
456 4
457 19
458 12
459 16
460 9
461 6
462 21
463 2
464 7
465 15
466 22
467 10
468 11
469 10
470 11
471 18
472 18
473 1
474 13
475 8
476 6
477 14
478 17
479 21
480 1
481 14
482 15
483 22
484 20
485 2
486 10
487 13
488 5
489 2
490 16
491 7
492 1
493 6
494 10
495 7
496 1
497 3
498 12
499 1
500 5
501 7
502 16
503 20
504 1
505 11
506 19
507 1
508 7
509 10
510 2
511 6
512 8
513 6
514 2
515 15
516 6
517 22
518 19
519 3
520 3
521 21
522 17
523 18
524 18
525 22
526 4
527 9
528 6
529 16
530 21
531 2
532 9
533 5
534 5
535 11
536 13
537 7
538 7
539 6
540 9
541 20
542 5
543 4
544 9
545 15
546 19
547 2
548 1
549 19
550 10
551 11
552 1
553 17
554 2
555 22
556 13
557 17
558 18
559 21
560 9
561 18
562 22
563 16
564 15
565 13
566 18
567 7
568 17
569 2
570 18
571 4
572 7
573 19
574 10
575 8
576 22
577 17
578 13
579 12
580 19
581 20
582 14
583 18
584 2
585 2
586 22
587 16
588 14
589 14
590 17
591 2
592 9
593 19
594 17
595 7
596 5
597 2
598 19
599 15
600 14
601 2
602 14
603 7
604 10
605 11
606 4
607 10
608 14
609 12
610 3
611 9
612 2
613 18
614 20
615 10
616 12
617 9
618 13
619 2
620 1
621 1
622 2
623 16
624 2
625 2
626 1
627 4
628 12
629 7
630 13
631 17
632 14
633 6
634 4
635 15
636 10
637 2
638 19
639 2
640 5
641 2
642 14
643 15
644 13
645 9
646 19
647 13
648 2
649 18
650 22
651 8
652 13
653 1
654 19
655 15
656 19
657 2
658 12
659 7
660 15
661 2
662 9
663 19
664 11
665 2
666 6
667 2
668 2
669 4
670 20
671 12
672 13
673 21
674 13
675 12
676 12
677 21
678 22
679 3
680 20
681 6
682 2
683 20
684 14
685 21
686 7
687 10
688 16
689 6
690 6
691 22
692 8
693 2
694 7
695 9
696 14
697 9
698 21
699 22
700 19
701 20
702 2
703 22
704 11
705 2
706 17
707 8
708 7
709 2
710 19
711 17
712 2
713 8
714 21
715 1
716 10
717 2
718 10
719 4
720 3
721 11
722 20
723 14
724 11
725 15
726 8
