1 1
2 1
3 1
4 1
5 1
6 1
7 1
8 1
9 1
10 1
11 1
12 1
13 1
14 1
15 1
16 1
17 1
18 1
19 1
20 1
21 1
22 1
23 1
24 1
25 1
26 1
27 1
28 1
29 1
30 1
31 1
32 1
33 1
34 1
35 1
36 1
37 1
38 1
39 1
40 1
41 1
42 1
43 1
44 1
45 1
46 1
47 1
48 1
49 1
50 1
51 1
52 1
53 1
54 1
55 1
56 1
57 1
58 1
59 1
60 1
61 1
62 1
63 1
64 1
65 1
66 1
67 1
68 1
69 1
70 1
71 1
72 1
73 1
74 1
75 1
76 1
77 1
78 1
79 2
80 2
81 2
82 2
83 2
84 2
85 2
86 2
87 2
88 2
89 2
90 2
91 2
92 2
93 2
94 2
95 2
96 2
97 2
98 2
99 2
100 2
101 2
102 2
103 2
104 2
105 2
106 2
107 2
108 2
109 2
110 2
111 2
112 2
113 2
114 2
115 2
116 2
117 2
118 2
119 2
120 2
121 2
122 2
123 2
124 2
125 2
126 2
127 2
128 2
129 2
130 2
131 2
132 2
133 2
134 2
135 2
136 2
137 2
138 2
139 2
140 2
141 2
142 2
143 2
144 2
145 2
146 2
147 2
148 3
149 3
150 3
151 3
152 3
153 3
154 3
155 3
156 3
157 3
158 3
159 3
160 3
161 3
162 3
163 3
164 3
165 3
166 3
167 3
168 3
169 3
170 3
171 3
172 3
173 3
174 3
175 3
176 3
177 3
178 3
179 3
180 3
181 3
182 3
183 3
184 3
185 3
186 3
187 3
188 3
189 3
190 3
191 3
192 3
193 3
194 3
195 3
196 3
197 3
198 3
199 3
200 3
201 3
202 3
203 3
204 3
205 3
206 3
207 3
208 3
209 3
210 3
211 4
212 4
213 4
214 4
215 4
216 4
217 4
218 4
219 4
220 4
221 4
222 4
223 4
224 4
225 4
226 4
227 4
228 4
229 4
230 4
231 4
232 4
233 4
234 4
235 4
236 4
237 4
238 4
239 4
240 4
241 4
242 4
243 4
244 4
245 4
246 4
247 4
248 4
249 4
250 4
251 4
252 4
253 4
254 4
255 4
256 4
257 4
258 4
259 4
260 4
261 4
262 4
263 4
264 4
265 4
266 4
267 4
268 4
269 4
270 4
271 4
272 4
273 4
274 4
275 4
276 4
277 4
278 4
279 4
280 4
281 4
282 4
283 4
284 4
285 4
286 4
287 4
288 4
289 4
290 4
291 4
292 4
293 4
294 4
295 4
296 4
297 4
298 4
299 4
300 4
301 4
302 4
303 4
304 4
305 4
306 4
307 4
308 4
309 4
310 4
311 4
312 4
313 4
314 4
315 4
316 4
317 4
318 4
319 4
320 4
321 4
322 4
323 4
324 4
325 4
326 4
327 4
328 4
329 4
330 4
331 4
332 4
333 4
334 4
335 4
336 4
337 4
338 4
339 4
340 4
341 4
342 4
343 4
344 4
345 4
346 4
347 4
348 4
349 4
350 4
351 4
352 4
353 4
354 4
355 4
356 4
357 4
358 4
359 4
360 4
361 4
362 4
363 4
364 4
365 4
366 4
367 4
368 4
369 4
370 4
371 4
372 4
373 4
374 4
375 4
376 4
377 4
378 4
379 4
380 4
381 4
382 4
383 4
384 4
385 4
386 4
387 4
388 4
389 4
390 4
391 4
392 4
393 4
394 4
395 4
396 4
397 4
398 4
399 4
400 4
401 4
402 4
403 4
404 4
405 4
406 4
407 4
408 4
409 4
410 4
411 4
412 4
413 4
414 4
415 4
416 4
417 4
418 4
419 4
420 4
421 4
422 4
423 4
424 4
425 4
426 4
427 4
428 4
429 4
430 4
431 4
432 4
433 4
434 4
435 4
436 4
437 4
438 4
439 4
440 4
441 4
442 4
443 4
444 4
445 4
446 4
447 4
448 4
449 4
450 4
451 4
452 4
453 4
454 4
455 4
456 4
457 4
458 4
459 4
460 4
461 4
462 4
463 4
464 4
465 4
466 4
467 4
468 4
469 4
470 4
471 4
472 4
473 4
474 4
475 4
476 4
477 4
478 4
479 4
480 4
481 4
482 4
483 4
484 4
485 4
486 4
487 4
488 4
489 4
490 4
491 4
492 4
493 4
494 5
495 5
496 5
497 5
498 5
499 5
500 5
501 5
502 5
503 5
504 5
505 5
506 5
507 5
508 5
509 5
510 5
511 5
512 5
513 5
514 5
515 5
516 5
517 5
518 5
519 5
520 5
521 5
522 5
523 5
524 5
525 5
526 5
527 5
528 5
529 5
530 5
531 5
532 5
533 5
534 5
535 5
536 5
537 5
538 5
539 5
540 5
541 5
542 5
543 5
544 5
545 5
546 5
547 5
548 5
549 5
550 5
551 5
552 5
553 5
554 5
555 5
556 5
557 5
558 5
559 5
560 5
561 5
562 5
563 5
564 5
565 5
566 5
567 6
568 6
569 6
570 6
571 6
572 6
573 6
574 6
575 6
576 6
577 6
578 6
579 6
580 6
581 6
582 6
583 6
584 6
585 6
586 6
587 6
588 6
589 6
590 6
591 6
592 6
593 6
594 6
595 6
596 6
597 6
598 6
599 6
600 6
601 6
602 6
603 6
604 6
605 6
606 6
607 6
608 6
609 6
610 6
611 6
612 6
613 6
614 6
615 6
616 6
617 6
618 7
619 7
620 7
621 7
622 7
623 7
624 7
625 7
626 7
627 7
628 7
629 7
630 7
631 7
632 7
633 7
634 7
635 8
636 8
637 8
638 8
639 8
640 8
641 8
642 8
643 8
644 8
645 8
646 8
647 8
648 8
649 8
650 8
651 8
652 8
653 8
654 8
655 8
656 8
657 8
658 8
659 8
660 8
661 8
662 8
663 8
664 8
665 8
666 8
667 8
668 8
669 8
670 8
671 8
672 8
673 8
674 8
675 8
676 8
677 8
678 8
679 8
680 8
681 8
682 8
683 8
684 8
685 8
686 8
687 8
688 8
689 8
690 8
691 8
692 8
693 8
694 8
695 8
696 8
697 8
698 8
699 8
700 8
701 8
702 8
703 8
704 8
705 8
706 8
707 8
708 8
709 8
710 8
711 8
712 8
713 8
714 8
715 8
716 8
717 8
718 8
719 8
720 8
721 8
722 8
723 8
724 8
725 8
726 8
727 8
728 8
729 8
730 8
731 8
732 8
733 8
734 8
735 8
736 8
737 8
738 8
739 8
740 8
741 8
742 8
743 8
744 8
745 8
746 8
747 8
748 8
749 8
750 8
751 8
752 8
753 8
754 8
755 8
756 8
757 8
758 8
759 8
760 8
761 8
762 8
763 8
764 8
765 8
766 8
767 8
768 8
769 8
770 8
771 8
772 8
773 8
774 8
775 8
776 8
777 8
778 8
779 8
780 8
781 8
782 8
783 8
784 8
785 8
786 8
787 8
788 8
789 8
790 8
791 8
792 8
793 8
794 8
795 8
796 8
797 8
798 8
799 8
800 8
801 8
802 8
803 8
804 8
805 8
806 8
807 8
808 8
809 8
810 8
811 8
812 9
813 9
814 9
815 9
816 9
817 9
818 9
819 9
820 9
821 9
822 9
823 9
824 9
825 9
826 9
827 9
828 9
829 9
830 9
831 9
832 9
833 9
834 9
835 9
836 9
837 9
838 9
839 9
840 9
841 9
842 9
843 9
844 9
845 9
846 9
847 9
848 9
849 9
850 9
851 9
852 9
853 9
854 9
855 9
856 9
857 9
858 9
859 9
860 9
861 9
862 9
863 9
864 9
865 9
866 9
867 9
868 9
869 9
870 9
871 9
872 9
873 9
874 9
875 9
876 9
877 9
878 9
879 9
880 9
881 9
882 9
883 9
884 9
885 9
886 9
887 9
888 9
889 9
890 9
891 9
892 9
893 9
894 9
895 9
896 9
897 9
898 9
899 9
900 9
901 9
902 9
903 9
904 9
905 9
906 9
907 9
908 9
909 9
910 9
911 9
912 9
913 9
914 9
915 9
916 9
917 9
918 9
919 9
920 9
921 9
922 9
923 9
924 9
925 9
926 9
927 9
928 9
929 9
930 9
931 9
932 9
933 9
934 9
935 9
936 9
937 9
938 9
939 9
940 9
941 9
942 9
943 9
944 9
945 9
946 9
947 9
948 9
949 9
950 9
951 9
952 9
953 9
954 9
955 9
956 9
957 9
958 9
959 9
960 9
961 9
962 9
963 9
964 9
965 9
966 9
967 9
968 9
969 9
970 9
971 9
972 9
973 9
974 9
975 9
976 9
977 9
978 9
979 9
980 9
981 9
982 9
983 9
984 9
985 9
986 9
987 9
988 9
989 9
990 9
991 9
992 9
993 9
994 9
995 9
996 9
997 9
998 9
999 9
1000 9
1001 9
1002 9
1003 9
1004 9
1005 9
1006 9
1007 9
1008 9
1009 9
1010 9
1011 9
1012 9
1013 9
1014 9
1015 9
1016 9
1017 9
1018 9
1019 9
1020 9
1021 9
1022 9
1023 9
1024 9
1025 9
1026 9
1027 9
1028 9
1029 9
1030 9
1031 9
1032 9
1033 9
1034 9
1035 9
1036 9
1037 9
1038 9
1039 9
1040 9
1041 9
1042 9
1043 9
1044 9
1045 9
1046 9
1047 9
1048 9
1049 9
1050 9
1051 9
1052 9
1053 9
1054 9
1055 9
1056 9
1057 9
1058 9
1059 9
1060 9
1061 9
1062 9
1063 9
1064 9
1065 9
1066 9
1067 9
1068 9
1069 9
1070 9
1071 9
1072 9
1073 9
1074 9
1075 9
1076 9
1077 9
1078 9
1079 9
1080 9
1081 9
1082 9
1083 9
1084 9
1085 9
1086 9
1087 9
1088 9
1089 9
1090 9
1091 9
1092 9
1093 10
1094 10
1095 10
1096 10
1097 10
1098 10
1099 10
1100 10
1101 10
1102 10
1103 10
1104 10
1105 10
1106 10
1107 10
1108 10
1109 10
1110 10
1111 10
1112 10
1113 10
1114 10
1115 10
1116 10
1117 10
1118 10
1119 10
1120 10
1121 10
1122 10
1123 10
1124 10
1125 10
1126 10
1127 10
1128 10
1129 10
1130 10
1131 10
1132 10
1133 10
1134 10
1135 10
1136 10
1137 10
1138 10
1139 10
1140 10
1141 10
1142 10
1143 10
1144 10
1145 10
1146 10
1147 10
1148 10
1149 10
1150 10
1151 10
1152 10
1153 10
1154 10
1155 10
1156 10
1157 10
1158 10
1159 10
1160 10
1161 10
1162 10
1163 10
1164 10
1165 10
1166 10
1167 10
1168 10
1169 10
1170 10
1171 10
1172 10
1173 10
1174 10
1175 10
1176 10
1177 10
1178 11
1179 11
1180 11
1181 11
1182 11
1183 11
1184 11
1185 11
1186 11
1187 11
1188 11
1189 11
1190 11
1191 11
1192 11
1193 11
1194 11
1195 11
1196 11
1197 11
1198 11
1199 11
1200 11
1201 11
1202 11
1203 12
1204 12
1205 12
1206 12
1207 12
1208 12
1209 12
1210 12
1211 12
1212 12
1213 12
1214 13
1215 13
1216 13
1217 13
1218 13
1219 13
1220 13
1221 13
1222 13
1223 13
1224 13
1225 13
1226 13
1227 13
1228 13
1229 13
1230 13
1231 13
1232 13
1233 13
1234 13
1235 13
1236 13
1237 13
1238 13
1239 13
1240 13
1241 13
1242 13
1243 13
1244 13
1245 13
1246 13
1247 13
1248 13
1249 14
1250 14
1251 14
1252 14
1253 14
1254 14
1255 14
1256 14
1257 14
1258 14
1259 14
1260 14
1261 14
1262 14
1263 14
1264 14
1265 14
1266 14
1267 14
1268 15
1269 15
1270 15
1271 15
1272 15
1273 15
1274 15
1275 15
1276 15
1277 15
1278 15
1279 15
1280 15
1281 15
1282 15
1283 15
1284 15
1285 15
1286 15
1287 15
1288 15
1289 15
1290 15
1291 15
1292 15
1293 15
1294 15
1295 15
1296 15
1297 15
1298 15
1299 15
1300 15
1301 15
1302 15
1303 15
1304 15
1305 15
1306 15
1307 15
1308 15
1309 15
1310 15
1311 15
1312 15
1313 15
1314 15
1315 15
1316 15
1317 15
1318 15
1319 15
1320 15
1321 15
1322 15
1323 15
1324 15
1325 15
1326 15
1327 15
1328 15
1329 15
1330 15
1331 15
1332 15
1333 15
1334 15
1335 15
1336 15
1337 15
1338 15
1339 15
1340 15
1341 15
1342 15
1343 15
1344 15
1345 15
1346 15
1347 15
1348 15
1349 15
1350 15
1351 15
1352 15
1353 15
1354 15
1355 15
1356 15
1357 15
1358 15
1359 15
1360 15
1361 15
1362 15
1363 15
1364 15
1365 15
1366 15
1367 15
1368 15
1369 15
1370 15
1371 15
1372 15
1373 15
1374 15
1375 15
1376 15
1377 15
1378 15
1379 15
1380 15
1381 15
1382 15
1383 15
1384 15
1385 15
1386 15
1387 15
1388 15
1389 15
1390 15
1391 15
1392 15
1393 15
1394 15
1395 15
1396 15
1397 15
1398 15
1399 15
1400 15
1401 15
1402 15
1403 15
1404 15
1405 15
1406 15
1407 15
1408 15
1409 15
1410 15
1411 15
1412 15
1413 15
1414 15
1415 15
1416 15
1417 15
1418 15
1419 15
1420 15
1421 15
1422 15
1423 15
1424 15
1425 15
1426 15
1427 15
1428 15
1429 15
1430 15
1431 15
1432 15
1433 15
1434 15
1435 15
1436 15
1437 15
1438 15
1439 15
1440 15
1441 15
1442 15
1443 15
1444 15
1445 15
1446 15
1447 15
1448 15
1449 15
1450 15
1451 15
1452 15
1453 15
1454 15
1455 15
1456 15
1457 15
1458 15
1459 15
1460 15
1461 15
1462 15
1463 15
1464 15
1465 15
1466 15
1467 15
1468 15
1469 15
1470 15
1471 15
1472 15
1473 15
1474 15
1475 15
1476 15
1477 15
1478 15
1479 15
1480 15
1481 15
1482 15
1483 15
1484 15
1485 15
1486 15
1487 15
1488 15
1489 15
1490 15
1491 15
1492 15
1493 15
1494 15
1495 15
1496 15
1497 15
1498 15
1499 15
1500 15
1501 15
1502 15
1503 15
1504 15
1505 15
1506 15
1507 15
1508 15
1509 15
1510 15
1511 15
1512 15
1513 15
1514 15
1515 15
1516 15
1517 15
1518 15
1519 15
1520 15
1521 15
1522 15
1523 15
1524 15
1525 15
1526 15
1527 15
1528 15
1529 15
1530 15
1531 15
1532 15
1533 15
1534 15
1535 15
1536 15
1537 15
1538 15
1539 15
1540 15
1541 15
1542 15
1543 15
1544 15
1545 15
1546 15
1547 15
1548 15
1549 15
1550 15
1551 15
1552 15
1553 15
1554 15
1555 15
1556 15
1557 15
1558 15
1559 15
1560 15
1561 15
1562 15
1563 15
1564 15
1565 15
1566 15
1567 15
1568 15
1569 15
1570 15
1571 15
1572 15
1573 15
1574 15
1575 15
1576 15
1577 15
1578 15
1579 15
1580 15
1581 15
1582 15
1583 15
1584 15
1585 15
1586 15
1587 15
1588 15
1589 15
1590 15
1591 15
1592 15
1593 15
1594 15
1595 15
1596 15
1597 15
1598 15
1599 15
1600 15
1601 15
1602 15
1603 15
1604 15
1605 15
1606 15
1607 15
1608 15
1609 15
1610 15
1611 15
1612 15
1613 15
1614 15
1615 15
1616 15
1617 15
1618 15
1619 15
1620 15
1621 15
1622 15
1623 15
1624 15
1625 15
1626 15
1627 15
1628 15
1629 15
1630 15
1631 15
1632 15
1633 15
1634 15
1635 15
1636 15
1637 15
1638 15
1639 15
1640 15
1641 15
1642 15
1643 15
1644 15
1645 15
1646 15
1647 15
1648 15
1649 15
1650 15
1651 15
1652 15
1653 15
1654 15
1655 15
1656 15
1657 15
1658 15
1659 15
1660 15
1661 15
1662 15
1663 15
1664 15
1665 15
1666 15
1667 15
1668 15
1669 15
1670 16
1671 16
1672 16
1673 16
1674 16
1675 16
1676 16
1677 16
1678 16
1679 16
1680 16
1681 16
1682 16
1683 16
1684 16
1685 16
1686 16
1687 16
1688 16
1689 16
1690 16
1691 16
1692 16
1693 16
1694 16
1695 16
1696 16
1697 16
1698 16
1699 16
1700 16
1701 16
1702 16
1703 16
1704 16
1705 16
1706 16
1707 16
1708 16
1709 16
1710 16
1711 16
1712 16
1713 16
1714 16
1715 16
1716 16
1717 16
1718 16
1719 16
1720 16
1721 16
1722 16
1723 16
1724 16
1725 16
1726 16
1727 16
1728 16
1729 16
1730 16
1731 16
1732 16
1733 16
1734 16
1735 16
1736 16
1737 16
1738 16
1739 16
1740 16
1741 16
1742 16
1743 16
1744 16
1745 16
1746 16
1747 16
1748 16
1749 17
1750 17
1751 17
1752 17
1753 17
1754 17
1755 17
1756 17
1757 17
1758 17
1759 17
1760 17
1761 17
1762 17
1763 17
1764 17
1765 17
1766 17
1767 17
1768 17
1769 17
1770 17
1771 17
1772 17
1773 17
1774 17
1775 17
1776 17
1777 17
1778 17
1779 17
1780 17
1781 17
1782 17
1783 17
1784 17
1785 17
1786 17
1787 17
1788 17
1789 17
1790 17
1791 17
1792 17
1793 17
1794 17
1795 17
1796 17
1797 17
1798 17
1799 17
1800 17
1801 17
1802 17
1803 17
1804 17
1805 17
1806 17
1807 17
1808 17
1809 17
1810 17
1811 17
1812 17
1813 17
1814 17
1815 17
1816 17
1817 17
1818 17
1819 17
1820 17
1821 17
1822 17
1823 17
1824 17
1825 17
1826 17
1827 17
1828 17
1829 17
1830 17
1831 17
1832 17
1833 17
1834 17
1835 17
1836 17
1837 17
1838 17
1839 17
1840 17
1841 17
1842 17
1843 17
1844 17
1845 17
1846 17
1847 17
1848 17
1849 17
1850 17
1851 17
1852 17
1853 17
1854 17
1855 17
1856 17
1857 17
1858 17
1859 17
1860 17
1861 17
1862 17
1863 17
1864 17
1865 17
1866 17
1867 17
1868 17
1869 17
1870 17
1871 17
1872 17
1873 17
1874 17
1875 17
1876 17
1877 17
1878 17
1879 17
1880 17
1881 17
1882 17
1883 17
1884 17
1885 17
1886 17
1887 17
1888 17
1889 17
1890 17
1891 17
1892 17
1893 17
1894 17
1895 17
1896 17
1897 17
1898 17
1899 17
1900 17
1901 17
1902 17
1903 17
1904 17
1905 17
1906 17
1907 17
1908 17
1909 17
1910 17
1911 17
1912 17
1913 17
1914 17
1915 17
1916 17
1917 17
1918 17
1919 17
1920 17
1921 17
1922 17
1923 17
1924 17
1925 17
1926 17
1927 17
1928 17
1929 17
1930 17
1931 17
1932 17
1933 17
1934 17
1935 17
1936 17
1937 17
1938 17
1939 17
1940 17
1941 17
1942 17
1943 17
1944 17
1945 17
1946 17
1947 17
1948 17
1949 17
1950 17
1951 17
1952 17
1953 17
1954 17
1955 17
1956 17
1957 17
1958 17
1959 17
1960 17
1961 17
1962 17
1963 17
1964 17
1965 17
1966 17
1967 17
1968 17
1969 17
1970 17
1971 17
1972 17
1973 17
1974 17
1975 17
1976 17
1977 17
1978 17
1979 17
1980 17
1981 17
1982 17
1983 17
1984 17
1985 17
1986 17
1987 17
1988 17
1989 17
1990 17
1991 17
1992 17
1993 17
1994 17
1995 17
1996 17
1997 17
1998 17
1999 17
2000 17
2001 17
2002 17
2003 17
2004 17
2005 17
2006 17
2007 17
2008 17
2009 17
2010 17
2011 17
2012 17
2013 17
2014 17
2015 18
2016 18
2017 18
2018 18
2019 18
2020 18
2021 18
2022 18
2023 18
2024 18
2025 18
2026 18
2027 18
2028 18
2029 18
2030 18
2031 18
2032 18
2033 18
2034 18
2035 18
