1 1
2 2
3 3
4 4
5 5
6 4
7 6
8 7
9 8
10 1
11 9
12 10
13 11
14 12
15 13
16 14
17 15
18 16
19 17
20 15
21 18
22 19
23 5
24 11
25 3
26 20
27 1
28 20
29 7
30 17
31 21
32 22
33 11
34 13
35 23
36 8
37 5
38 24
39 21
40 5
41 9
42 17
43 14
44 1
45 7
46 21
47 10
48 19
49 19
50 18
51 18
52 2
53 19
54 12
55 10
56 3
57 10
58 18
59 21
60 10
61 5
62 5
63 2
64 24
65 21
66 3
67 24
68 9
69 10
70 9
71 2
72 5
73 3
74 4
75 11
76 14
77 18
78 24
79 17
80 16
81 24
82 3
83 25
84 9
85 20
86 5
87 24
88 19
89 16
90 1
91 19
92 13
93 14
94 2
95 17
96 8
97 23
98 17
99 12
100 6
101 2
102 5
103 20
104 12
105 13
106 20
107 21
108 16
109 18
110 21
111 3
112 19
113 21
114 23
115 13
116 24
117 11
118 19
119 2
120 25
121 6
122 20
123 22
124 19
125 24
126 24
127 9
128 8
129 2
130 9
131 15
132 13
133 9
134 9
135 12
136 23
137 16
138 2
139 23
140 3
141 2
142 20
143 23
144 13
145 5
146 24
147 12
148 20
149 17
150 4
151 15
152 23
153 6
154 25
155 19
156 9
157 22
158 1
159 7
160 6
161 22
162 5
163 24
164 7
165 23
166 3
167 22
168 12
169 20
170 21
171 12
172 3
173 16
174 25
175 14
176 4
177 4
178 6
179 10
180 22
181 2
182 15
183 12
184 4
185 17
186 13
187 25
188 3
189 14
190 15
191 9
192 16
193 5
194 14
195 18
196 23
197 3
198 4
199 25
200 3
201 25
202 11
203 1
204 6
205 5
206 19
207 18
208 25
209 18
210 15
211 12
212 15
213 21
214 24
215 23
216 11
217 18
218 4
219 6
220 21
221 20
222 5
223 5
224 16
225 15
226 7
227 4
228 1
229 1
230 23
231 17
232 3
233 16
234 13
235 17
236 4
237 17
238 14
239 2
240 17
241 23
242 7
243 6
244 13
245 3
246 10
247 11
248 20
249 4
250 6
251 18
252 12
253 8
254 2
255 9
256 22
257 6
258 1
259 9
260 25
261 6
262 19
263 12
264 18
265 13
266 12
267 20
268 6
269 16
270 13
271 25
272 15
273 4
274 2
275 3
276 13
277 10
278 10
279 4
280 9
281 25
282 13
283 10
284 3
285 17
286 11
287 11
288 7
289 21
290 21
291 2
292 23
293 15
294 19
295 21
296 10
297 24
298 24
299 12
300 15
301 14
302 3
303 1
304 20
305 1
306 7
307 21
308 13
309 16
310 19
311 13
312 9
313 16
314 20
315 5
316 23
317 21
318 5
319 17
320 22
321 25
322 25
323 19
324 7
325 20
326 3
327 7
328 5
329 14
330 17
331 17
332 19
333 5
334 3
335 17
336 11
337 9
338 18
339 22
340 12
341 14
342 2
343 22
344 12
345 12
346 11
347 16
348 18
349 21
350 14
351 13
352 17
353 11
354 22
355 3
356 21
357 17
358 22
359 16
360 25
361 12
362 25
363 10
364 23
365 20
366 25
367 5
368 4
369 11
370 13
371 6
372 2
373 20
374 24
375 18
376 14
377 24
378 25
379 5
380 10
381 23
382 23
383 2
384 13
385 16
386 11
387 7
388 2
389 17
390 22
391 15
392 24
393 7
394 1
395 20
396 18
397 19
398 14
399 23
400 6
401 24
402 20
403 14
404 3
405 9
406 9
407 9
408 1
409 17
410 16
411 4
412 3
413 5
414 13
415 16
416 7
417 11
418 23
419 5
420 18
421 14
422 15
423 15
424 4
425 21
426 1
427 9
428 15
429 23
430 12
431 4
432 9
433 24
434 10
435 16
436 6
437 3
438 4
439 15
440 24
441 18
442 10
443 22
444 1
445 10
446 16
447 12
448 18
449 17
450 6
451 4
452 4
453 21
454 9
455 14
456 4
457 22
458 13
459 17
460 10
461 6
462 24
463 21
464 7
465 16
466 25
467 11
468 12
469 11
470 12
471 20
472 20
473 1
474 14
475 9
476 6
477 15
478 18
479 24
480 1
481 15
482 16
483 25
484 23
485 19
486 11
487 14
488 5
489 21
490 17
491 7
492 1
493 6
494 11
495 7
496 1
497 3
498 13
499 1
500 5
501 7
502 17
503 23
504 1
505 12
506 22
507 1
508 7
509 11
510 19
511 6
512 9
513 6
514 2
515 16
516 6
517 25
518 22
519 3
520 3
521 24
522 18
523 20
524 20
525 25
526 4
527 10
528 6
529 17
530 24
531 2
532 10
533 5
534 5
535 12
536 14
537 7
538 7
539 6
540 10
541 23
542 5
543 4
544 10
545 16
546 22
547 19
548 1
549 22
550 11
551 12
552 1
553 18
554 19
555 25
556 14
557 18
558 20
559 24
560 10
561 20
562 25
563 17
564 16
565 14
566 20
567 7
568 18
569 2
570 20
571 4
572 7
573 22
574 11
575 9
576 25
577 18
578 14
579 13
580 22
581 23
582 15
583 20
584 21
585 2
586 25
587 17
588 15
589 15
590 18
591 21
592 10
593 22
594 18
595 7
596 5
597 2
598 22
599 16
600 15
601 19
602 15
603 7
604 11
605 12
606 4
607 11
608 15
609 13
610 3
611 10
612 2
613 20
614 23
615 11
616 13
617 10
618 14
619 19
620 1
621 1
622 2
623 17
624 19
625 2
626 1
627 4
628 13
629 7
630 14
631 18
632 15
633 6
634 4
635 16
636 11
637 21
638 22
639 19
640 5
641 21
642 15
643 16
644 14
645 10
646 22
647 14
648 2
649 20
650 25
651 9
652 14
653 1
654 22
655 16
656 22
657 21
658 13
659 7
660 16
661 21
662 10
663 22
664 12
665 21
666 6
667 2
668 19
669 4
670 23
671 13
672 14
673 24
674 14
675 13
676 13
677 24
678 25
679 3
680 23
681 6
682 19
683 23
684 15
685 24
686 7
687 11
688 17
689 6
690 6
691 25
692 9
693 21
694 7
695 10
696 15
697 10
698 24
699 25
700 22
701 23
702 19
703 25
704 12
705 2
706 18
707 9
708 7
709 19
710 22
711 18
712 8
713 9
714 24
715 1
716 11
717 19
718 11
719 4
720 3
721 12
722 23
723 15
724 12
725 16
726 9
