2 1
3 1
4 1
5 1
6 1
9 1
10 1
11 1
12 1
13 1
14 1
15 1
16 1
17 1
18 1
19 1
20 1
21 1
26 1
28 1
29 1
32 1
33 1
37 1
38 1
39 1
40 1
43 1
44 1
45 1
46 1
47 1
48 1
49 1
51 1
52 1
53 1
55 1
56 1
57 1
58 1
59 1
60 1
61 1
62 1
67 1
68 1
69 1
70 2
71 2
72 2
73 2
74 2
75 2
76 2
77 2
78 2
81 2
82 2
83 2
84 2
85 2
86 2
87 2
88 2
89 2
90 2
91 2
92 2
94 2
95 2
96 2
97 2
98 2
102 2
105 2
106 2
107 2
108 2
109 2
110 2
111 2
112 2
113 2
114 2
115 2
116 2
117 2
118 2
119 2
120 2
121 2
122 2
123 2
124 2
126 2
127 2
128 2
129 2
130 2
131 2
132 2
133 2
134 2
135 2
136 2
137 2
138 2
139 2
140 2
141 2
142 2
143 2
144 2
145 2
148 2
149 2
150 2
152 2
153 2
154 2
155 2
156 2
157 2
158 2
159 2
160 2
161 2
162 2
163 2
164 2
165 2
166 2
167 2
168 2
169 2
170 2
171 2
173 2
174 2
175 2
176 2
177 2
178 2
179 2
180 2
181 2
182 2
183 2
184 2
186 2
187 2
189 2
190 2
191 2
192 2
193 2
194 2
195 2
196 2
197 2
198 2
199 2
201 2
202 2
203 2
204 2
205 2
206 2
207 2
208 2
209 2
210 2
211 2
212 2
213 2
214 2
215 2
216 2
217 2
218 2
219 2
223 2
224 2
225 2
226 2
227 2
228 2
229 2
232 2
233 2
234 2
235 2
237 2
238 2
239 2
240 2
241 2
242 2
243 2
244 2
245 2
246 2
247 2
248 2
249 2
250 2
251 2
252 2
253 2
254 2
255 2
256 2
257 2
258 2
259 2
261 2
262 2
264 2
265 2
266 2
267 2
268 2
269 2
271 2
272 2
273 2
274 2
275 2
276 2
277 2
278 2
279 2
280 2
281 2
282 2
283 2
284 2
285 2
286 2
287 2
288 2
289 2
290 2
291 2
292 2
293 2
294 2
295 2
297 2
299 2
301 2
303 2
304 2
305 2
306 2
307 2
308 2
309 2
310 2
311 2
312 2
313 2
314 2
318 2
319 2
320 2
323 2
327 3
328 3
329 3
330 3
331 3
332 3
333 3
334 3
335 3
336 3
337 3
338 3
340 3
342 3
343 3
344 3
348 3
349 3
350 3
351 3
352 3
353 3
354 3
356 3
357 3
358 3
359 3
362 3
363 3
365 3
369 3
370 3
371 3
372 3
373 3
374 3
375 3
376 3
377 3
379 3
380 3
382 3
384 3
388 3
389 3
390 3
391 3
392 3
393 3
394 3
395 3
398 3
399 3
400 3
401 3
402 3
404 3
405 3
406 3
407 3
408 3
409 3
410 3
411 3
412 3
413 3
414 3
415 3
416 3
418 3
419 3
420 3
421 3
422 3
423 3
424 3
426 3
427 3
428 3
433 3
442 3
443 3
444 3
445 3
446 3
448 3
449 3
450 3
451 3
453 3
454 3
455 3
456 3
457 3
459 3
461 3
462 3
466 3
467 3
468 3
469 3
470 3
471 3
472 3
473 3
474 3
475 3
477 3
478 3
479 3
480 3
481 3
482 3
483 3
484 3
485 3
487 3
488 3
489 3
490 3
491 3
492 3
493 3
496 3
497 3
499 3
500 3
501 3
502 3
503 3
504 3
505 3
509 3
510 3
511 3
512 3
513 3
514 3
515 3
516 3
518 3
519 3
520 3
521 3
522 3
523 3
524 3
525 3
526 3
527 3
528 3
529 3
530 3
531 3
532 3
538 3
539 3
540 3
541 3
543 3
544 3
545 3
546 3
547 3
548 3
549 3
550 3
551 3
552 3
553 3
555 3
556 3
559 3
560 3
561 3
562 3
563 3
577 3
578 3
580 3
584 3
586 3
587 3
592 3
593 3
595 3
598 3
599 3
600 3
601 3
606 3
607 3
608 3
609 3
610 3
611 3
614 3
615 3
616 3
617 3
620 3
621 3
622 3
623 3
624 3
625 3
626 3
627 3
629 3
631 3
632 3
636 3
637 3
640 3
643 3
644 3
645 3
646 3
647 3
648 3
650 3
651 3
652 3
653 3
654 3
657 3
658 3
660 3
661 3
662 3
663 3
664 3
672 3
673 3
674 3
675 3
679 3
680 3
681 3
682 3
687 3
688 3
689 3
690 3
692 3
693 3
696 3
697 3
698 3
704 3
706 3
708 3
709 3
711 3
712 3
713 3
714 3
715 3
716 3
717 3
718 3
719 3
720 3
721 3
723 3
725 3
726 3
728 3
729 3
730 3
732 3
733 3
734 3
735 3
736 3
737 3
738 3
740 3
741 3
742 3
743 3
744 3
745 3
746 3
747 3
748 3
749 3
750 3
751 3
