1 3
2 3
3 3
4 3
5 3
6 3
7 3
8 3
9 3
10 3
11 3
12 3
13 3
14 3
15 3
16 3
17 3
18 3
19 3
20 3
21 3
22 3
23 3
24 3
25 3
26 3
27 3
28 3
29 3
30 3
31 3
32 3
33 3
34 3
35 3
36 3
37 3
38 3
39 3
40 3
41 3
42 3
43 3
44 3
45 3
46 3
47 3
48 3
49 3
50 3
51 3
52 3
53 3
54 3
55 3
56 3
57 3
58 3
59 3
60 3
61 3
62 3
63 3
64 3
65 3
66 3
67 3
68 3
69 3
70 3
71 3
72 3
73 3
74 3
75 3
76 3
77 3
78 3
79 3
80 3
81 3
82 3
83 3
84 3
85 3
86 3
87 3
88 3
89 3
90 3
91 3
92 3
93 3
94 3
95 3
96 3
97 3
98 3
99 3
100 3
101 3
102 3
103 3
104 3
105 3
106 3
107 3
108 3
109 3
110 3
111 3
112 3
113 3
114 3
115 3
116 3
117 3
118 3
119 3
120 3
121 3
122 3
123 3
124 3
125 3
126 3
127 3
128 3
129 3
130 3
131 3
132 3
133 3
134 4
135 4
136 4
137 4
138 4
139 4
140 4
141 4
142 4
143 4
144 4
145 4
146 4
147 4
148 4
149 4
150 4
151 4
152 4
153 4
154 4
155 4
156 4
157 4
158 4
159 4
160 4
161 4
162 5
163 5
164 5
165 5
166 5
167 5
168 6
169 6
170 6
171 6
172 6
173 6
174 6
175 6
176 6
177 6
178 6
179 6
180 6
181 6
182 6
183 6
184 6
185 6
186 6
187 6
188 6
189 6
190 6
191 6
192 6
193 6
194 6
195 6
196 6
197 6
198 6
199 6
200 6
201 6
202 6
203 6
204 6
205 6
206 6
207 6
208 6
209 6
210 6
211 6
212 6
213 6
214 6
215 6
216 6
217 6
218 6
219 6
220 6
221 6
222 6
223 6
224 6
225 6
226 6
227 6
228 6
229 6
230 6
231 6
232 6
233 6
234 6
235 7
236 7
237 7
238 7
239 7
240 7
241 7
242 7
243 7
244 7
245 7
246 7
247 7
248 7
249 7
250 7
251 7
252 7
253 7
254 7
255 7
256 7
257 7
258 7
259 7
260 7
261 7
262 7
263 7
264 7
265 7
266 7
267 7
268 7
269 7
270 7
271 7
272 7
273 7
274 7
275 7
276 7
277 7
278 7
279 7
280 7
281 7
282 7
283 7
284 7
285 7
286 7
287 7
288 7
289 7
290 7
291 7
292 7
293 7
294 7
295 7
296 7
297 7
298 7
299 7
300 7
301 7
302 7
303 7
304 7
305 7
306 7
307 7
308 7
309 7
310 7
311 7
312 7
313 7
314 7
315 7
316 7
317 7
318 7
319 7
320 7
321 7
322 7
323 7
324 7
325 7
326 7
327 7
328 7
329 7
330 7
331 7
332 7
333 7
334 7
335 7
336 7
337 7
338 7
339 7
340 7
341 7
342 7
343 7
344 7
345 7
346 8
347 8
348 8
349 8
350 8
351 8
352 8
353 8
354 8
355 8
356 8
357 8
358 8
359 8
360 8
361 8
362 8
363 8
364 8
365 8
366 8
367 8
368 8
369 8
370 8
371 8
372 8
373 8
374 8
375 8
376 8
377 8
378 9
379 9
380 9
381 9
382 9
383 9
384 9
385 9
386 9
387 9
388 9
389 9
390 10
391 10
392 10
393 10
394 10
395 10
396 10
397 11
398 11
399 11
400 11
401 11
402 11
403 11
404 11
405 11
406 11
407 11
408 11
409 11
410 11
411 11
412 11
413 11
414 11
415 11
416 11
417 11
418 11
419 12
420 12
421 12
422 12
423 12
424 12
425 12
426 12
427 12
428 13
429 13
430 13
431 13
432 13
433 13
434 13
435 13
436 13
437 13
438 13
439 13
440 13
441 13
442 13
443 13
444 13
445 15
446 15
447 15
448 15
449 15
450 15
451 15
452 15
453 15
454 15
455 15
456 15
457 15
458 15
459 15
460 15
461 15
462 15
463 15
464 15
465 15
466 15
467 15
468 15
469 15
470 15
471 15
472 15
473 15
474 15
475 15
476 15
477 15
478 15
479 15
480 15
481 15
482 16
483 16
484 16
485 16
486 16
487 16
488 16
489 16
490 16
491 14
492 14
493 14
494 14
495 14
496 14
497 14
498 14
499 14
500 14
501 14
502 14
503 14
504 14
505 14
506 14
507 14
508 14
509 14
510 14
511 14
512 14
513 14
514 14
515 14
516 14
517 14
518 14
519 14
520 14
521 14
522 14
523 14
524 14
525 14
526 14
527 14
528 14
529 14
530 14
531 14
532 14
533 14
534 14
535 14
536 14
537 14
538 14
539 14
540 14
541 14
542 14
543 14
544 14
545 14
546 14
547 14
548 14
549 14
550 14
551 14
552 14
553 14
554 14
555 14
556 14
557 14
558 14
559 14
560 14
561 14
562 14
563 14
564 14
565 14
566 14
567 14
568 14
569 14
570 14
571 14
572 14
573 14
574 14
575 14
576 14
577 14
578 14
579 14
580 14
581 14
582 14
583 14
584 14
585 14
586 14
587 14
588 14
589 14
590 14
591 14
592 14
593 14
594 14
595 14
596 14
597 14
598 14
599 14
600 14
601 14
602 14
603 14
604 14
605 14
606 14
607 14
608 14
609 14
610 14
611 14
612 14
613 14
614 14
615 14
616 14
617 14
618 14
619 14
620 14
621 14
622 14
623 14
624 14
625 14
626 14
627 14
628 14
629 14
630 14
631 14
632 14
633 14
634 14
635 14
636 14
637 14
638 14
639 14
640 14
641 14
642 14
643 14
644 14
645 14
646 14
647 1
648 1
649 1
650 1
651 1
652 1
653 1
654 1
655 1
656 1
657 1
658 1
659 1
660 1
661 1
662 1
663 1
664 1
665 1
666 1
667 1
668 1
669 1
670 1
671 1
672 1
673 1
674 1
675 1
676 1
677 2
678 2
679 2
680 2
681 2
682 2
683 2
684 2
685 2
686 2
687 2
688 2
689 2
690 2
691 2
692 2
693 2
694 2
695 2
696 2
697 2
698 2
699 2
700 2
