61 1
62 1
63 1
64 1
65 1
66 1
67 1
68 1
69 1
70 1
71 1
72 1
73 1
74 1
75 1
76 1
77 1
78 1
79 1
80 1
81 1
82 1
83 1
84 1
85 1
86 1
87 1
88 1
89 1
90 1
91 1
92 1
93 1
94 1
95 1
96 1
97 1
98 1
99 1
100 1
101 1
102 1
103 1
104 1
105 1
106 1
107 1
108 1
109 1
110 1
111 1
112 1
113 1
114 1
115 1
116 1
117 1
118 1
119 1
120 1
896 2
897 2
898 2
899 2
900 2
901 2
902 2
903 2
904 2
905 2
906 2
907 2
908 2
909 2
910 2
911 2
912 2
913 2
914 2
915 2
916 2
917 2
918 2
919 2
920 2
921 2
922 2
923 2
924 2
925 2
926 2
927 2
928 2
929 2
930 2
931 2
932 2
933 2
934 2
935 2
936 2
937 2
938 2
939 2
940 2
941 2
942 2
943 2
944 2
945 2
946 2
947 2
948 2
949 2
950 2
951 2
952 2
1116 3
1117 3
1118 3
1119 3
1120 3
1121 3
1122 3
1123 3
1124 3
1125 3
1126 3
1127 3
1128 3
1129 3
1130 3
1131 3
1132 3
1133 3
1134 3
1135 3
1136 3
1137 3
1138 3
1139 3
1140 3
1141 3
1142 3
1143 3
1144 3
1145 3
1146 3
1147 3
1148 3
1149 3
1150 3
1151 3
1152 3
1153 3
1154 3
1155 3
1156 3
1157 3
1158 3
1159 3
1160 3
1161 3
1162 3
1163 3
1164 3
1165 3
1166 3
1167 3
1168 3
1169 3
1170 3
1171 3
1172 3
1173 3
1174 3
1175 3
11072 4
11073 4
11074 4
11075 4
11076 4
11077 4
11078 4
11079 4
11080 4
11081 4
11082 4
11083 4
11084 4
11085 4
11086 4
11087 4
11088 4
11089 4
11090 4
11091 4
11092 4
11093 4
11094 4
11095 4
11096 4
11097 4
11098 4
11099 4
11100 4
11101 4
11102 4
11103 4
11104 4
11105 4
11106 4
11107 4
11108 4
11109 4
11110 4
11111 4
11112 4
11113 4
11114 4
11115 4
11116 4
11117 4
11118 4
11119 4
11120 4
11121 4
11122 4
11123 4
11124 4
11125 4
11126 4
11127 4
11128 4
11129 4
11130 4
11131 4
11132 5
11133 5
11134 5
11135 5
11136 5
11137 5
11138 5
11139 5
11140 5
11141 5
11142 5
11143 5
11144 5
11145 5
11146 5
11147 5
11148 5
11149 5
11150 5
11151 5
11152 5
11153 5
11154 5
11155 5
11156 5
11157 5
11158 5
11159 5
11160 5
11161 5
11162 5
11163 5
11164 5
11165 5
11166 5
11167 5
11168 5
11169 5
11170 5
11171 5
11172 5
11173 5
11174 5
11175 5
11176 5
11177 5
11178 5
11179 5
11180 5
11181 5
11182 5
11183 5
11184 5
11185 5
11186 5
11187 5
11188 5
11189 5