1 4
2 4
3 4
4 4
5 4
6 4
7 4
8 4
9 4
10 4
11 4
12 4
13 4
14 4
15 4
16 4
17 4
18 4
19 4
20 4
21 4
22 4
23 4
24 4
25 4
26 4
27 4
28 4
29 4
30 4
31 4
32 4
33 4
34 4
35 4
36 4
37 4
38 4
39 4
40 4
41 4
42 5
43 5
44 5
45 5
46 5
47 5
48 6
49 6
50 6
51 6
52 6
53 6
54 6
55 6
56 6
57 6
58 6
59 6
60 6
61 6
62 6
63 6
64 6
65 6
66 6
67 6
68 6
69 6
70 6
71 6
72 6
73 6
74 6
75 6
76 6
77 6
78 6
79 6
80 6
81 6
82 6
83 6
84 6
85 6
86 6
87 6
88 6
89 6
90 6
91 6
92 6
93 6
94 6
95 6
96 6
97 6
98 6
99 6
100 6
101 6
102 6
103 6
104 6
105 6
106 6
107 6
108 6
109 6
110 6
111 6
112 6
113 6
114 6
115 6
116 6
117 6
118 6
119 6
120 6
121 6
122 6
123 6
124 6
125 6
126 6
127 7
128 7
129 7
130 7
131 7
132 7
133 7
134 7
135 7
136 7
137 7
138 7
139 7
140 7
141 7
142 7
143 7
144 7
145 7
146 7
147 7
148 7
149 7
150 7
151 7
152 7
153 7
154 7
155 7
156 7
157 7
158 7
159 7
160 7
161 7
162 7
163 7
164 7
165 7
166 7
167 7
168 7
169 7
170 7
171 7
172 7
173 7
174 7
175 7
176 7
177 7
178 7
179 7
180 7
181 7
182 7
183 7
184 7
185 7
186 7
187 7
188 7
189 7
190 7
191 7
192 7
193 7
194 7
195 7
196 7
197 7
198 7
199 7
200 7
201 7
202 7
203 7
204 7
205 7
206 7
207 7
208 7
209 7
210 7
211 7
212 7
213 7
214 7
215 7
216 7
217 7
218 7
219 7
220 7
221 7
222 7
223 7
224 7
225 7
226 7
227 7
228 7
229 7
230 7
231 7
232 7
233 7
234 7
235 7
236 7
237 7
238 7
239 7
240 7
241 7
242 7
243 7
244 7
245 7
246 7
247 7
248 7
249 7
250 7
251 7
252 7
253 7
254 7
255 7
256 7
257 7
258 7
259 7
260 7
261 7
262 7
263 7
264 7
265 7
266 7
267 7
268 7
269 7
270 7
271 7
272 7
273 7
274 7
275 7
276 7
277 7
278 7
279 7
280 7
281 7
282 7
283 7
284 8
285 8
286 8
287 8
288 8
289 8
290 8
291 8
292 8
293 8
294 8
295 8
296 8
297 8
298 8
299 8
300 8
301 8
302 8
303 8
304 8
305 8
306 8
307 8
308 8
309 8
310 8
311 8
312 8
313 8
314 8
315 8
316 8
317 8
318 8
319 8
320 8
321 8
322 8
323 9
324 9
325 9
326 9
327 9
328 9
329 9
330 9
331 9
332 9
333 9
334 9
335 9
336 10
337 10
338 10
339 10
340 10
341 10
342 10
343 10
344 10
345 10
346 10
347 10
348 11
349 11
350 11
351 11
352 11
353 11
354 11
355 11
356 11
357 11
358 11
359 11
360 11
361 11
362 11
363 11
364 11
365 11
366 11
367 11
368 11
369 11
370 11
371 11
372 11
373 11
374 11
375 11
376 12
377 12
378 12
379 12
380 12
381 12
382 12
383 12
384 12
385 12
386 12
387 12
388 12
389 12
390 12
391 12
392 12
393 13
394 13
395 13
396 13
397 13
398 13
399 13
400 13
401 13
402 13
403 13
404 13
405 13
406 13
407 13
408 13
409 13
410 13
411 15
412 15
413 15
414 15
415 15
416 15
417 15
418 15
419 15
420 15
421 15
422 15
423 15
424 15
425 15
426 15
427 15
428 15
429 15
430 15
431 15
432 15
433 15
434 15
435 15
436 15
437 15
438 15
439 15
440 15
441 15
442 15
443 15
444 15
445 15
446 15
447 15
448 15
449 15
450 15
451 15
452 15
453 15
454 15
455 15
456 15
457 15
458 15
459 15
460 16
461 16
462 16
463 16
464 16
465 16
466 16
467 16
468 16
469 16
470 14
471 14
472 14
473 14
474 14
475 14
476 14
477 14
478 14
479 14
480 14
481 14
482 14
483 14
484 14
485 14
486 14
487 14
488 14
489 14
490 14
491 14
492 14
493 14
494 14
495 14
496 14
497 14
498 14
499 14
500 14
501 14
502 14
503 14
504 14
505 14
506 14
507 14
508 14
509 14
510 14
511 14
512 14
513 14
514 14
515 14
516 14
517 14
518 14
519 14
520 14
521 14
522 14
523 14
524 14
525 14
526 14
527 14
528 14
529 14
530 14
531 14
532 14
533 14
534 14
535 14
536 14
537 14
538 14
539 14
540 14
541 14
542 14
543 14
544 14
545 14
546 14
547 14
548 14
549 14
550 14
551 14
552 14
553 14
554 14
555 14
556 14
557 14
558 14
559 14
560 14
561 14
562 14
563 14
564 14
565 14
566 14
567 14
568 14
569 14
570 14
571 14
572 14
573 14
574 14
575 14
576 14
577 14
578 14
579 14
580 14
581 14
582 14
583 14
584 14
585 14
586 14
587 14
588 14
589 14
590 14
591 14
592 14
593 14
594 14
595 14
596 14
597 14
598 14
599 14
600 14
601 14
602 14
603 14
604 14
605 14
606 14
607 14
608 14
609 14
610 14
611 14
612 14
613 14
614 14
615 14
616 14
617 14
618 14
619 14
620 14
621 14
622 14
623 14
624 14
625 14
626 14
627 14
628 14
629 14
630 14
631 14
632 14
633 14
634 14
635 14
636 14
637 14
638 14
639 14
640 14
641 14
642 14
643 1
644 1
645 1
646 1
647 1
648 1
649 1
650 1
651 1
652 1
653 1
654 1
655 1
656 1
657 1
658 1
659 1
660 1
661 1
662 1
663 1
664 1
665 1
666 1
667 1
668 1
669 1
670 1
671 1
672 1
673 1
674 1
675 1
676 1
677 1
678 1
679 1
680 1
681 1
682 1
683 2
684 2
685 2
686 2
687 2
688 2
689 2
690 2
691 2
692 2
693 2
694 2
695 2
696 2
697 2
698 2
699 2
700 2
701 2
702 2
703 2
704 2
705 2
706 2
707 2
708 2
709 2
710 2
711 2
712 2
713 2
714 2
715 2
716 2
717 2
718 2
719 2
720 2
721 2
722 2
723 2
724 2
725 2
726 2
727 2
728 2
729 2
730 2
731 2
732 2
733 3
734 3
735 3
736 3
737 3
738 3
739 3
740 3
741 3
742 3
743 3
744 3
745 3
746 3
747 3
748 3
749 3
750 3
751 3
752 3
753 3
754 3
755 3
756 3
757 3
758 3
759 3
760 3
761 3
762 3
763 3
764 3
765 3
766 3
767 3
768 3
769 3
770 3
771 3
772 3
773 3
774 3
775 3
776 3
777 3
778 3
779 3
780 3
781 3
782 3
783 3
784 3
785 3
786 3
787 3
788 3
789 3
790 3
791 3
792 3
793 3
794 3
795 3
796 3
797 3
798 3
799 3
800 3
801 3
802 3
803 3
804 3
805 3
806 3
807 3
808 3
809 3
810 3
811 3
812 3
813 3
814 3
815 3
816 3
817 3
818 3
819 3
820 3
821 3
822 3
823 3
824 3
825 3
826 3
827 3
828 3
829 3
830 3
831 3
832 3
833 3
834 3
835 3
836 3
837 3
838 3
839 3
840 3
841 3
842 3
843 3
844 3
845 3
846 3
847 3
848 3
849 3
850 3
851 3
852 3
853 3
854 3
855 3
856 3
857 3
858 3
859 3
860 3
861 3
862 3
863 3
864 3
865 3
866 3
867 3
868 3
869 3
870 3
871 3
872 3
873 3
874 3
875 3
876 3
877 3
878 3
879 3
880 3
881 3
882 3
883 3
884 3
885 3
886 3
887 3
888 3
889 3
890 3
891 3
892 3
893 3
894 3
895 3
896 3
897 3
898 3
899 3
900 3
901 3
902 3
903 3
904 3
905 3
906 3
